"Time Stamp","Time Zone","Name","PTID","Load"
"06/25/2019 00:00:00","EDT","CAPITL",61757,1292
"06/25/2019 00:00:00","EDT","CENTRL",61754,1583.8
"06/25/2019 00:00:00","EDT","DUNWOD",61760,719.1
"06/25/2019 00:00:00","EDT","GENESE",61753,1116
"06/25/2019 00:00:00","EDT","HUD VL",61758,1036.8
"06/25/2019 00:00:00","EDT","LONGIL",61762,2521.1
"06/25/2019 00:00:00","EDT","MHK VL",61756,806.7
"06/25/2019 00:00:00","EDT","MILLWD",61759,357.9
"06/25/2019 00:00:00","EDT","N.Y.C.",61761,6474.3
"06/25/2019 00:00:00","EDT","NORTH",61755,456.8
"06/25/2019 00:00:00","EDT","WEST",61752,1793.7
"06/25/2019 00:01:11","EDT","CAPITL",61757,1273.5
"06/25/2019 00:01:11","EDT","CENTRL",61754,1580.1
"06/25/2019 00:01:11","EDT","DUNWOD",61760,713
"06/25/2019 00:01:11","EDT","GENESE",61753,1108.3
"06/25/2019 00:01:11","EDT","HUD VL",61758,1061
"06/25/2019 00:01:11","EDT","LONGIL",61762,2503.2
"06/25/2019 00:01:11","EDT","MHK VL",61756,808.6
"06/25/2019 00:01:11","EDT","MILLWD",61759,352.7
"06/25/2019 00:01:11","EDT","N.Y.C.",61761,6452.4
"06/25/2019 00:01:11","EDT","NORTH",61755,447.1
"06/25/2019 00:01:11","EDT","WEST",61752,1786.4
"06/25/2019 00:04:11","EDT","CAPITL",61757,1279.9
"06/25/2019 00:04:11","EDT","CENTRL",61754,1572.2
"06/25/2019 00:04:11","EDT","DUNWOD",61760,714.3
"06/25/2019 00:04:11","EDT","GENESE",61753,1115.8
"06/25/2019 00:04:11","EDT","HUD VL",61758,1047.4
"06/25/2019 00:04:11","EDT","LONGIL",61762,2482.4
"06/25/2019 00:04:11","EDT","MHK VL",61756,799
"06/25/2019 00:04:11","EDT","MILLWD",61759,355
"06/25/2019 00:04:11","EDT","N.Y.C.",61761,6423.9
"06/25/2019 00:04:11","EDT","NORTH",61755,446.2
"06/25/2019 00:04:11","EDT","WEST",61752,1788.7
"06/25/2019 00:05:00","EDT","CAPITL",61757,1279.3
"06/25/2019 00:05:00","EDT","CENTRL",61754,1582.1
"06/25/2019 00:05:00","EDT","DUNWOD",61760,690.7
"06/25/2019 00:05:00","EDT","GENESE",61753,1110.3
"06/25/2019 00:05:00","EDT","HUD VL",61758,1058.2
"06/25/2019 00:05:00","EDT","LONGIL",61762,2468.8
"06/25/2019 00:05:00","EDT","MHK VL",61756,791.3
"06/25/2019 00:05:00","EDT","MILLWD",61759,346.4
"06/25/2019 00:05:00","EDT","N.Y.C.",61761,6407
"06/25/2019 00:05:00","EDT","NORTH",61755,455
"06/25/2019 00:05:00","EDT","WEST",61752,1768.6
"06/25/2019 00:10:00","EDT","CAPITL",61757,1280.1
"06/25/2019 00:10:00","EDT","CENTRL",61754,1592.4
"06/25/2019 00:10:00","EDT","DUNWOD",61760,697.5
"06/25/2019 00:10:00","EDT","GENESE",61753,1098.9
"06/25/2019 00:10:00","EDT","HUD VL",61758,1046.7
"06/25/2019 00:10:00","EDT","LONGIL",61762,2473.9
"06/25/2019 00:10:00","EDT","MHK VL",61756,789.1
"06/25/2019 00:10:00","EDT","MILLWD",61759,356
"06/25/2019 00:10:00","EDT","N.Y.C.",61761,6385.7
"06/25/2019 00:10:00","EDT","NORTH",61755,446.3
"06/25/2019 00:10:00","EDT","WEST",61752,1768.5
"06/25/2019 00:13:05","EDT","CAPITL",61757,1274.5
"06/25/2019 00:13:05","EDT","CENTRL",61754,1582.4
"06/25/2019 00:13:05","EDT","DUNWOD",61760,692.8
"06/25/2019 00:13:05","EDT","GENESE",61753,1103.7
"06/25/2019 00:13:05","EDT","HUD VL",61758,1038
"06/25/2019 00:13:05","EDT","LONGIL",61762,2468.6
"06/25/2019 00:13:05","EDT","MHK VL",61756,777.4
"06/25/2019 00:13:05","EDT","MILLWD",61759,340.1
"06/25/2019 00:13:05","EDT","N.Y.C.",61761,6350
"06/25/2019 00:13:05","EDT","NORTH",61755,465.5
"06/25/2019 00:13:05","EDT","WEST",61752,1754.5
"06/25/2019 00:15:00","EDT","CAPITL",61757,1262.9
"06/25/2019 00:15:00","EDT","CENTRL",61754,1568.6
"06/25/2019 00:15:00","EDT","DUNWOD",61760,684.9
"06/25/2019 00:15:00","EDT","GENESE",61753,1103.8
"06/25/2019 00:15:00","EDT","HUD VL",61758,1032.9
"06/25/2019 00:15:00","EDT","LONGIL",61762,2445.7
"06/25/2019 00:15:00","EDT","MHK VL",61756,770.8
"06/25/2019 00:15:00","EDT","MILLWD",61759,336
"06/25/2019 00:15:00","EDT","N.Y.C.",61761,6296.8
"06/25/2019 00:15:00","EDT","NORTH",61755,458.2
"06/25/2019 00:15:00","EDT","WEST",61752,1740.4
"06/25/2019 00:20:00","EDT","CAPITL",61757,1262.1
"06/25/2019 00:20:00","EDT","CENTRL",61754,1546.9
"06/25/2019 00:20:00","EDT","DUNWOD",61760,691.2
"06/25/2019 00:20:00","EDT","GENESE",61753,1086.6
"06/25/2019 00:20:00","EDT","HUD VL",61758,1043.7
"06/25/2019 00:20:00","EDT","LONGIL",61762,2426.8
"06/25/2019 00:20:00","EDT","MHK VL",61756,782.5
"06/25/2019 00:20:00","EDT","MILLWD",61759,325.4
"06/25/2019 00:20:00","EDT","N.Y.C.",61761,6322.9
"06/25/2019 00:20:00","EDT","NORTH",61755,450.2
"06/25/2019 00:20:00","EDT","WEST",61752,1768.3
"06/25/2019 00:25:00","EDT","CAPITL",61757,1259.5
"06/25/2019 00:25:00","EDT","CENTRL",61754,1519
"06/25/2019 00:25:00","EDT","DUNWOD",61760,682.5
"06/25/2019 00:25:00","EDT","GENESE",61753,1094.5
"06/25/2019 00:25:00","EDT","HUD VL",61758,1021.7
"06/25/2019 00:25:00","EDT","LONGIL",61762,2421.4
"06/25/2019 00:25:00","EDT","MHK VL",61756,766.2
"06/25/2019 00:25:00","EDT","MILLWD",61759,332.6
"06/25/2019 00:25:00","EDT","N.Y.C.",61761,6310.7
"06/25/2019 00:25:00","EDT","NORTH",61755,455.6
"06/25/2019 00:25:00","EDT","WEST",61752,1750.3
"06/25/2019 00:30:00","EDT","CAPITL",61757,1239.3
"06/25/2019 00:30:00","EDT","CENTRL",61754,1553
"06/25/2019 00:30:00","EDT","DUNWOD",61760,690.4
"06/25/2019 00:30:00","EDT","GENESE",61753,1087.9
"06/25/2019 00:30:00","EDT","HUD VL",61758,1025.8
"06/25/2019 00:30:00","EDT","LONGIL",61762,2410.2
"06/25/2019 00:30:00","EDT","MHK VL",61756,764.7
"06/25/2019 00:30:00","EDT","MILLWD",61759,320.4
"06/25/2019 00:30:00","EDT","N.Y.C.",61761,6260.4
"06/25/2019 00:30:00","EDT","NORTH",61755,446.2
"06/25/2019 00:30:00","EDT","WEST",61752,1748.2
"06/25/2019 00:35:00","EDT","CAPITL",61757,1239.2
"06/25/2019 00:35:00","EDT","CENTRL",61754,1561.3
"06/25/2019 00:35:00","EDT","DUNWOD",61760,676.7
"06/25/2019 00:35:00","EDT","GENESE",61753,1074.1
"06/25/2019 00:35:00","EDT","HUD VL",61758,1012.8
"06/25/2019 00:35:00","EDT","LONGIL",61762,2390.1
"06/25/2019 00:35:00","EDT","MHK VL",61756,758.9
"06/25/2019 00:35:00","EDT","MILLWD",61759,326.3
"06/25/2019 00:35:00","EDT","N.Y.C.",61761,6209
"06/25/2019 00:35:00","EDT","NORTH",61755,448
"06/25/2019 00:35:00","EDT","WEST",61752,1754.6
"06/25/2019 00:40:00","EDT","CAPITL",61757,1232.7
"06/25/2019 00:40:00","EDT","CENTRL",61754,1555
"06/25/2019 00:40:00","EDT","DUNWOD",61760,665.7
"06/25/2019 00:40:00","EDT","GENESE",61753,1075.8
"06/25/2019 00:40:00","EDT","HUD VL",61758,998.1
"06/25/2019 00:40:00","EDT","LONGIL",61762,2371.1
"06/25/2019 00:40:00","EDT","MHK VL",61756,759
"06/25/2019 00:40:00","EDT","MILLWD",61759,324.1
"06/25/2019 00:40:00","EDT","N.Y.C.",61761,6166.6
"06/25/2019 00:40:00","EDT","NORTH",61755,447.6
"06/25/2019 00:40:00","EDT","WEST",61752,1757.2
"06/25/2019 00:45:00","EDT","CAPITL",61757,1227
"06/25/2019 00:45:00","EDT","CENTRL",61754,1557.6
"06/25/2019 00:45:00","EDT","DUNWOD",61760,681.3
"06/25/2019 00:45:00","EDT","GENESE",61753,1068.9
"06/25/2019 00:45:00","EDT","HUD VL",61758,995.6
"06/25/2019 00:45:00","EDT","LONGIL",61762,2345.2
"06/25/2019 00:45:00","EDT","MHK VL",61756,746.5
"06/25/2019 00:45:00","EDT","MILLWD",61759,322.3
"06/25/2019 00:45:00","EDT","N.Y.C.",61761,6154.8
"06/25/2019 00:45:00","EDT","NORTH",61755,457
"06/25/2019 00:45:00","EDT","WEST",61752,1753.7
"06/25/2019 00:50:00","EDT","CAPITL",61757,1222.7
"06/25/2019 00:50:00","EDT","CENTRL",61754,1533.7
"06/25/2019 00:50:00","EDT","DUNWOD",61760,668.2
"06/25/2019 00:50:00","EDT","GENESE",61753,1072.7
"06/25/2019 00:50:00","EDT","HUD VL",61758,986.7
"06/25/2019 00:50:00","EDT","LONGIL",61762,2333.6
"06/25/2019 00:50:00","EDT","MHK VL",61756,757.5
"06/25/2019 00:50:00","EDT","MILLWD",61759,319.2
"06/25/2019 00:50:00","EDT","N.Y.C.",61761,6112.1
"06/25/2019 00:50:00","EDT","NORTH",61755,447
"06/25/2019 00:50:00","EDT","WEST",61752,1731.7
"06/25/2019 00:55:00","EDT","CAPITL",61757,1210.9
"06/25/2019 00:55:00","EDT","CENTRL",61754,1555.3
"06/25/2019 00:55:00","EDT","DUNWOD",61760,650
"06/25/2019 00:55:00","EDT","GENESE",61753,1065.3
"06/25/2019 00:55:00","EDT","HUD VL",61758,966.8
"06/25/2019 00:55:00","EDT","LONGIL",61762,2331.2
"06/25/2019 00:55:00","EDT","MHK VL",61756,758.3
"06/25/2019 00:55:00","EDT","MILLWD",61759,320.1
"06/25/2019 00:55:00","EDT","N.Y.C.",61761,6105
"06/25/2019 00:55:00","EDT","NORTH",61755,454.8
"06/25/2019 00:55:00","EDT","WEST",61752,1700.1
"06/25/2019 01:00:00","EDT","CAPITL",61757,1201.9
"06/25/2019 01:00:00","EDT","CENTRL",61754,1549.7
"06/25/2019 01:00:00","EDT","DUNWOD",61760,648.4
"06/25/2019 01:00:00","EDT","GENESE",61753,1072.3
"06/25/2019 01:00:00","EDT","HUD VL",61758,999.2
"06/25/2019 01:00:00","EDT","LONGIL",61762,2313.6
"06/25/2019 01:00:00","EDT","MHK VL",61756,752.3
"06/25/2019 01:00:00","EDT","MILLWD",61759,308.9
"06/25/2019 01:00:00","EDT","N.Y.C.",61761,6067.1
"06/25/2019 01:00:00","EDT","NORTH",61755,441.8
"06/25/2019 01:00:00","EDT","WEST",61752,1698
"06/25/2019 01:05:00","EDT","CAPITL",61757,1228.9
"06/25/2019 01:05:00","EDT","CENTRL",61754,1548
"06/25/2019 01:05:00","EDT","DUNWOD",61760,659.6
"06/25/2019 01:05:00","EDT","GENESE",61753,1054.1
"06/25/2019 01:05:00","EDT","HUD VL",61758,965.6
"06/25/2019 01:05:00","EDT","LONGIL",61762,2300.4
"06/25/2019 01:05:00","EDT","MHK VL",61756,740.9
"06/25/2019 01:05:00","EDT","MILLWD",61759,315
"06/25/2019 01:05:00","EDT","N.Y.C.",61761,6053.5
"06/25/2019 01:05:00","EDT","NORTH",61755,449.3
"06/25/2019 01:05:00","EDT","WEST",61752,1737.9
"06/25/2019 01:10:00","EDT","CAPITL",61757,1195
"06/25/2019 01:10:00","EDT","CENTRL",61754,1499.4
"06/25/2019 01:10:00","EDT","DUNWOD",61760,663.6
"06/25/2019 01:10:00","EDT","GENESE",61753,1056.9
"06/25/2019 01:10:00","EDT","HUD VL",61758,986.5
"06/25/2019 01:10:00","EDT","LONGIL",61762,2298.6
"06/25/2019 01:10:00","EDT","MHK VL",61756,730.6
"06/25/2019 01:10:00","EDT","MILLWD",61759,297.6
"06/25/2019 01:10:00","EDT","N.Y.C.",61761,6029.1
"06/25/2019 01:10:00","EDT","NORTH",61755,447.7
"06/25/2019 01:10:00","EDT","WEST",61752,1697.3
"06/25/2019 01:15:00","EDT","CAPITL",61757,1181.6
"06/25/2019 01:15:00","EDT","CENTRL",61754,1491
"06/25/2019 01:15:00","EDT","DUNWOD",61760,663.8
"06/25/2019 01:15:00","EDT","GENESE",61753,1050.7
"06/25/2019 01:15:00","EDT","HUD VL",61758,987.3
"06/25/2019 01:15:00","EDT","LONGIL",61762,2283.1
"06/25/2019 01:15:00","EDT","MHK VL",61756,732
"06/25/2019 01:15:00","EDT","MILLWD",61759,296.4
"06/25/2019 01:15:00","EDT","N.Y.C.",61761,6003.9
"06/25/2019 01:15:00","EDT","NORTH",61755,444.1
"06/25/2019 01:15:00","EDT","WEST",61752,1689.1
"06/25/2019 01:20:00","EDT","CAPITL",61757,1174.7
"06/25/2019 01:20:00","EDT","CENTRL",61754,1517.8
"06/25/2019 01:20:00","EDT","DUNWOD",61760,654.4
"06/25/2019 01:20:00","EDT","GENESE",61753,1047.5
"06/25/2019 01:20:00","EDT","HUD VL",61758,950.2
"06/25/2019 01:20:00","EDT","LONGIL",61762,2268.7
"06/25/2019 01:20:00","EDT","MHK VL",61756,727.1
"06/25/2019 01:20:00","EDT","MILLWD",61759,297.7
"06/25/2019 01:20:00","EDT","N.Y.C.",61761,5990.7
"06/25/2019 01:20:00","EDT","NORTH",61755,440.8
"06/25/2019 01:20:00","EDT","WEST",61752,1682.3
"06/25/2019 01:25:00","EDT","CAPITL",61757,1172.8
"06/25/2019 01:25:00","EDT","CENTRL",61754,1520.4
"06/25/2019 01:25:00","EDT","DUNWOD",61760,640.6
"06/25/2019 01:25:00","EDT","GENESE",61753,1044.6
"06/25/2019 01:25:00","EDT","HUD VL",61758,955.9
"06/25/2019 01:25:00","EDT","LONGIL",61762,2262
"06/25/2019 01:25:00","EDT","MHK VL",61756,723.7
"06/25/2019 01:25:00","EDT","MILLWD",61759,308.7
"06/25/2019 01:25:00","EDT","N.Y.C.",61761,5965.1
"06/25/2019 01:25:00","EDT","NORTH",61755,449.3
"06/25/2019 01:25:00","EDT","WEST",61752,1678.3
"06/25/2019 01:30:00","EDT","CAPITL",61757,1169.5
"06/25/2019 01:30:00","EDT","CENTRL",61754,1508.8
"06/25/2019 01:30:00","EDT","DUNWOD",61760,633.6
"06/25/2019 01:30:00","EDT","GENESE",61753,1037.1
"06/25/2019 01:30:00","EDT","HUD VL",61758,940.8
"06/25/2019 01:30:00","EDT","LONGIL",61762,2250.3
"06/25/2019 01:30:00","EDT","MHK VL",61756,731.6
"06/25/2019 01:30:00","EDT","MILLWD",61759,304.9
"06/25/2019 01:30:00","EDT","N.Y.C.",61761,5927.7
"06/25/2019 01:30:00","EDT","NORTH",61755,442.6
"06/25/2019 01:30:00","EDT","WEST",61752,1682.5
"06/25/2019 01:35:00","EDT","CAPITL",61757,1152.2
"06/25/2019 01:35:00","EDT","CENTRL",61754,1501
"06/25/2019 01:35:00","EDT","DUNWOD",61760,635
"06/25/2019 01:35:00","EDT","GENESE",61753,1036.4
"06/25/2019 01:35:00","EDT","HUD VL",61758,943.3
"06/25/2019 01:35:00","EDT","LONGIL",61762,2251.4
"06/25/2019 01:35:00","EDT","MHK VL",61756,726.1
"06/25/2019 01:35:00","EDT","MILLWD",61759,306.2
"06/25/2019 01:35:00","EDT","N.Y.C.",61761,5911.9
"06/25/2019 01:35:00","EDT","NORTH",61755,438.2
"06/25/2019 01:35:00","EDT","WEST",61752,1686.3
"06/25/2019 01:40:00","EDT","CAPITL",61757,1164.9
"06/25/2019 01:40:00","EDT","CENTRL",61754,1498.9
"06/25/2019 01:40:00","EDT","DUNWOD",61760,626.7
"06/25/2019 01:40:00","EDT","GENESE",61753,1034.2
"06/25/2019 01:40:00","EDT","HUD VL",61758,936.8
"06/25/2019 01:40:00","EDT","LONGIL",61762,2239.4
"06/25/2019 01:40:00","EDT","MHK VL",61756,718.7
"06/25/2019 01:40:00","EDT","MILLWD",61759,309.7
"06/25/2019 01:40:00","EDT","N.Y.C.",61761,5890.5
"06/25/2019 01:40:00","EDT","NORTH",61755,441.5
"06/25/2019 01:40:00","EDT","WEST",61752,1663.9
"06/25/2019 01:45:00","EDT","CAPITL",61757,1157.7
"06/25/2019 01:45:00","EDT","CENTRL",61754,1503.1
"06/25/2019 01:45:00","EDT","DUNWOD",61760,642.1
"06/25/2019 01:45:00","EDT","GENESE",61753,1035.4
"06/25/2019 01:45:00","EDT","HUD VL",61758,947.7
"06/25/2019 01:45:00","EDT","LONGIL",61762,2226.7
"06/25/2019 01:45:00","EDT","MHK VL",61756,703.7
"06/25/2019 01:45:00","EDT","MILLWD",61759,292.1
"06/25/2019 01:45:00","EDT","N.Y.C.",61761,5881.4
"06/25/2019 01:45:00","EDT","NORTH",61755,448.5
"06/25/2019 01:45:00","EDT","WEST",61752,1659
"06/25/2019 01:50:00","EDT","CAPITL",61757,1153.4
"06/25/2019 01:50:00","EDT","CENTRL",61754,1496.7
"06/25/2019 01:50:00","EDT","DUNWOD",61760,633.4
"06/25/2019 01:50:00","EDT","GENESE",61753,1028.1
"06/25/2019 01:50:00","EDT","HUD VL",61758,918.4
"06/25/2019 01:50:00","EDT","LONGIL",61762,2209.1
"06/25/2019 01:50:00","EDT","MHK VL",61756,718.5
"06/25/2019 01:50:00","EDT","MILLWD",61759,296.4
"06/25/2019 01:50:00","EDT","N.Y.C.",61761,5853.1
"06/25/2019 01:50:00","EDT","NORTH",61755,442.5
"06/25/2019 01:50:00","EDT","WEST",61752,1664.9
"06/25/2019 01:55:00","EDT","CAPITL",61757,1158.7
"06/25/2019 01:55:00","EDT","CENTRL",61754,1506.1
"06/25/2019 01:55:00","EDT","DUNWOD",61760,627.3
"06/25/2019 01:55:00","EDT","GENESE",61753,1023.8
"06/25/2019 01:55:00","EDT","HUD VL",61758,934.2
"06/25/2019 01:55:00","EDT","LONGIL",61762,2212.2
"06/25/2019 01:55:00","EDT","MHK VL",61756,717
"06/25/2019 01:55:00","EDT","MILLWD",61759,293.7
"06/25/2019 01:55:00","EDT","N.Y.C.",61761,5838.2
"06/25/2019 01:55:00","EDT","NORTH",61755,439.2
"06/25/2019 01:55:00","EDT","WEST",61752,1635.3
"06/25/2019 02:00:00","EDT","CAPITL",61757,1174.8
"06/25/2019 02:00:00","EDT","CENTRL",61754,1495.9
"06/25/2019 02:00:00","EDT","DUNWOD",61760,612.7
"06/25/2019 02:00:00","EDT","GENESE",61753,1024.1
"06/25/2019 02:00:00","EDT","HUD VL",61758,927.9
"06/25/2019 02:00:00","EDT","LONGIL",61762,2200.7
"06/25/2019 02:00:00","EDT","MHK VL",61756,709.8
"06/25/2019 02:00:00","EDT","MILLWD",61759,300.5
"06/25/2019 02:00:00","EDT","N.Y.C.",61761,5811.2
"06/25/2019 02:00:00","EDT","NORTH",61755,443.6
"06/25/2019 02:00:00","EDT","WEST",61752,1672.2
"06/25/2019 02:05:00","EDT","CAPITL",61757,1191.4
"06/25/2019 02:05:00","EDT","CENTRL",61754,1456.1
"06/25/2019 02:05:00","EDT","DUNWOD",61760,620.4
"06/25/2019 02:05:00","EDT","GENESE",61753,1023.9
"06/25/2019 02:05:00","EDT","HUD VL",61758,918.1
"06/25/2019 02:05:00","EDT","LONGIL",61762,2190.8
"06/25/2019 02:05:00","EDT","MHK VL",61756,713.4
"06/25/2019 02:05:00","EDT","MILLWD",61759,300.3
"06/25/2019 02:05:00","EDT","N.Y.C.",61761,5814.4
"06/25/2019 02:05:00","EDT","NORTH",61755,436.5
"06/25/2019 02:05:00","EDT","WEST",61752,1615.8
"06/25/2019 02:10:00","EDT","CAPITL",61757,1149.3
"06/25/2019 02:10:00","EDT","CENTRL",61754,1444.7
"06/25/2019 02:10:00","EDT","DUNWOD",61760,625.6
"06/25/2019 02:10:00","EDT","GENESE",61753,1012.5
"06/25/2019 02:10:00","EDT","HUD VL",61758,931.8
"06/25/2019 02:10:00","EDT","LONGIL",61762,2179.2
"06/25/2019 02:10:00","EDT","MHK VL",61756,707
"06/25/2019 02:10:00","EDT","MILLWD",61759,305.9
"06/25/2019 02:10:00","EDT","N.Y.C.",61761,5802.1
"06/25/2019 02:10:00","EDT","NORTH",61755,439.3
"06/25/2019 02:10:00","EDT","WEST",61752,1659.4
"06/25/2019 02:15:00","EDT","CAPITL",61757,1147.7
"06/25/2019 02:15:00","EDT","CENTRL",61754,1479.1
"06/25/2019 02:15:00","EDT","DUNWOD",61760,618
"06/25/2019 02:15:00","EDT","GENESE",61753,1021.3
"06/25/2019 02:15:00","EDT","HUD VL",61758,934.1
"06/25/2019 02:15:00","EDT","LONGIL",61762,2186.3
"06/25/2019 02:15:00","EDT","MHK VL",61756,711.3
"06/25/2019 02:15:00","EDT","MILLWD",61759,304.3
"06/25/2019 02:15:00","EDT","N.Y.C.",61761,5791.9
"06/25/2019 02:15:00","EDT","NORTH",61755,437.5
"06/25/2019 02:15:00","EDT","WEST",61752,1648.8
"06/25/2019 02:20:00","EDT","CAPITL",61757,1148.4
"06/25/2019 02:20:00","EDT","CENTRL",61754,1483.3
"06/25/2019 02:20:00","EDT","DUNWOD",61760,611.9
"06/25/2019 02:20:00","EDT","GENESE",61753,1017.1
"06/25/2019 02:20:00","EDT","HUD VL",61758,934.5
"06/25/2019 02:20:00","EDT","LONGIL",61762,2181
"06/25/2019 02:20:00","EDT","MHK VL",61756,700.1
"06/25/2019 02:20:00","EDT","MILLWD",61759,295.6
"06/25/2019 02:20:00","EDT","N.Y.C.",61761,5763.1
"06/25/2019 02:20:00","EDT","NORTH",61755,441.4
"06/25/2019 02:20:00","EDT","WEST",61752,1605.8
"06/25/2019 02:25:00","EDT","CAPITL",61757,1138.9
"06/25/2019 02:25:00","EDT","CENTRL",61754,1486.5
"06/25/2019 02:25:00","EDT","DUNWOD",61760,629.2
"06/25/2019 02:25:00","EDT","GENESE",61753,1009.3
"06/25/2019 02:25:00","EDT","HUD VL",61758,924.6
"06/25/2019 02:25:00","EDT","LONGIL",61762,2161
"06/25/2019 02:25:00","EDT","MHK VL",61756,699.7
"06/25/2019 02:25:00","EDT","MILLWD",61759,289.6
"06/25/2019 02:25:00","EDT","N.Y.C.",61761,5714.3
"06/25/2019 02:25:00","EDT","NORTH",61755,439.6
"06/25/2019 02:25:00","EDT","WEST",61752,1623.8
"06/25/2019 02:30:00","EDT","CAPITL",61757,1131.5
"06/25/2019 02:30:00","EDT","CENTRL",61754,1448
"06/25/2019 02:30:00","EDT","DUNWOD",61760,602.5
"06/25/2019 02:30:00","EDT","GENESE",61753,1002
"06/25/2019 02:30:00","EDT","HUD VL",61758,909.2
"06/25/2019 02:30:00","EDT","LONGIL",61762,2160.5
"06/25/2019 02:30:00","EDT","MHK VL",61756,701.3
"06/25/2019 02:30:00","EDT","MILLWD",61759,306.4
"06/25/2019 02:30:00","EDT","N.Y.C.",61761,5721.6
"06/25/2019 02:30:00","EDT","NORTH",61755,450.6
"06/25/2019 02:30:00","EDT","WEST",61752,1620
"06/25/2019 02:35:00","EDT","CAPITL",61757,1131.9
"06/25/2019 02:35:00","EDT","CENTRL",61754,1476.2
"06/25/2019 02:35:00","EDT","DUNWOD",61760,620
"06/25/2019 02:35:00","EDT","GENESE",61753,1007.8
"06/25/2019 02:35:00","EDT","HUD VL",61758,902.4
"06/25/2019 02:35:00","EDT","LONGIL",61762,2150.1
"06/25/2019 02:35:00","EDT","MHK VL",61756,703
"06/25/2019 02:35:00","EDT","MILLWD",61759,300.1
"06/25/2019 02:35:00","EDT","N.Y.C.",61761,5703.2
"06/25/2019 02:35:00","EDT","NORTH",61755,436.6
"06/25/2019 02:35:00","EDT","WEST",61752,1618.2
"06/25/2019 02:40:00","EDT","CAPITL",61757,1136.3
"06/25/2019 02:40:00","EDT","CENTRL",61754,1487.4
"06/25/2019 02:40:00","EDT","DUNWOD",61760,616.6
"06/25/2019 02:40:00","EDT","GENESE",61753,999.8
"06/25/2019 02:40:00","EDT","HUD VL",61758,913.8
"06/25/2019 02:40:00","EDT","LONGIL",61762,2143.2
"06/25/2019 02:40:00","EDT","MHK VL",61756,703.8
"06/25/2019 02:40:00","EDT","MILLWD",61759,297
"06/25/2019 02:40:00","EDT","N.Y.C.",61761,5700.8
"06/25/2019 02:40:00","EDT","NORTH",61755,441.1
"06/25/2019 02:40:00","EDT","WEST",61752,1612.3
"06/25/2019 02:45:00","EDT","CAPITL",61757,1130.5
"06/25/2019 02:45:00","EDT","CENTRL",61754,1483.5
"06/25/2019 02:45:00","EDT","DUNWOD",61760,603.9
"06/25/2019 02:45:00","EDT","GENESE",61753,1003.8
"06/25/2019 02:45:00","EDT","HUD VL",61758,910
"06/25/2019 02:45:00","EDT","LONGIL",61762,2126.7
"06/25/2019 02:45:00","EDT","MHK VL",61756,714.7
"06/25/2019 02:45:00","EDT","MILLWD",61759,296.4
"06/25/2019 02:45:00","EDT","N.Y.C.",61761,5679.1
"06/25/2019 02:45:00","EDT","NORTH",61755,439.4
"06/25/2019 02:45:00","EDT","WEST",61752,1615.8
"06/25/2019 02:50:00","EDT","CAPITL",61757,1129.3
"06/25/2019 02:50:00","EDT","CENTRL",61754,1485.5
"06/25/2019 02:50:00","EDT","DUNWOD",61760,598.1
"06/25/2019 02:50:00","EDT","GENESE",61753,998.1
"06/25/2019 02:50:00","EDT","HUD VL",61758,913.9
"06/25/2019 02:50:00","EDT","LONGIL",61762,2145.1
"06/25/2019 02:50:00","EDT","MHK VL",61756,707.7
"06/25/2019 02:50:00","EDT","MILLWD",61759,296.9
"06/25/2019 02:50:00","EDT","N.Y.C.",61761,5675.9
"06/25/2019 02:50:00","EDT","NORTH",61755,435.8
"06/25/2019 02:50:00","EDT","WEST",61752,1611.2
"06/25/2019 02:55:00","EDT","CAPITL",61757,1132.4
"06/25/2019 02:55:00","EDT","CENTRL",61754,1436.4
"06/25/2019 02:55:00","EDT","DUNWOD",61760,600.8
"06/25/2019 02:55:00","EDT","GENESE",61753,996.3
"06/25/2019 02:55:00","EDT","HUD VL",61758,903.8
"06/25/2019 02:55:00","EDT","LONGIL",61762,2128.3
"06/25/2019 02:55:00","EDT","MHK VL",61756,711.4
"06/25/2019 02:55:00","EDT","MILLWD",61759,300.2
"06/25/2019 02:55:00","EDT","N.Y.C.",61761,5666.8
"06/25/2019 02:55:00","EDT","NORTH",61755,441.3
"06/25/2019 02:55:00","EDT","WEST",61752,1602.4
"06/25/2019 03:00:00","EDT","CAPITL",61757,1128.5
"06/25/2019 03:00:00","EDT","CENTRL",61754,1461.8
"06/25/2019 03:00:00","EDT","DUNWOD",61760,606.1
"06/25/2019 03:00:00","EDT","GENESE",61753,994.8
"06/25/2019 03:00:00","EDT","HUD VL",61758,902.6
"06/25/2019 03:00:00","EDT","LONGIL",61762,2114.9
"06/25/2019 03:00:00","EDT","MHK VL",61756,703.3
"06/25/2019 03:00:00","EDT","MILLWD",61759,297.3
"06/25/2019 03:00:00","EDT","N.Y.C.",61761,5643
"06/25/2019 03:00:00","EDT","NORTH",61755,440.2
"06/25/2019 03:00:00","EDT","WEST",61752,1592.5
"06/25/2019 03:05:00","EDT","CAPITL",61757,1131
"06/25/2019 03:05:00","EDT","CENTRL",61754,1464.2
"06/25/2019 03:05:00","EDT","DUNWOD",61760,596.2
"06/25/2019 03:05:00","EDT","GENESE",61753,996.3
"06/25/2019 03:05:00","EDT","HUD VL",61758,908.8
"06/25/2019 03:05:00","EDT","LONGIL",61762,2120.1
"06/25/2019 03:05:00","EDT","MHK VL",61756,703
"06/25/2019 03:05:00","EDT","MILLWD",61759,291.7
"06/25/2019 03:05:00","EDT","N.Y.C.",61761,5633.9
"06/25/2019 03:05:00","EDT","NORTH",61755,439.7
"06/25/2019 03:05:00","EDT","WEST",61752,1614
"06/25/2019 03:10:00","EDT","CAPITL",61757,1131
"06/25/2019 03:10:00","EDT","CENTRL",61754,1461.3
"06/25/2019 03:10:00","EDT","DUNWOD",61760,596.4
"06/25/2019 03:10:00","EDT","GENESE",61753,992.2
"06/25/2019 03:10:00","EDT","HUD VL",61758,903.1
"06/25/2019 03:10:00","EDT","LONGIL",61762,2110.6
"06/25/2019 03:10:00","EDT","MHK VL",61756,706.1
"06/25/2019 03:10:00","EDT","MILLWD",61759,294.3
"06/25/2019 03:10:00","EDT","N.Y.C.",61761,5636.5
"06/25/2019 03:10:00","EDT","NORTH",61755,432.7
"06/25/2019 03:10:00","EDT","WEST",61752,1601.2
"06/25/2019 03:15:00","EDT","CAPITL",61757,1123.3
"06/25/2019 03:15:00","EDT","CENTRL",61754,1461.4
"06/25/2019 03:15:00","EDT","DUNWOD",61760,604.1
"06/25/2019 03:15:00","EDT","GENESE",61753,987.7
"06/25/2019 03:15:00","EDT","HUD VL",61758,903.6
"06/25/2019 03:15:00","EDT","LONGIL",61762,2111.4
"06/25/2019 03:15:00","EDT","MHK VL",61756,708
"06/25/2019 03:15:00","EDT","MILLWD",61759,293.5
"06/25/2019 03:15:00","EDT","N.Y.C.",61761,5633.9
"06/25/2019 03:15:00","EDT","NORTH",61755,439.2
"06/25/2019 03:15:00","EDT","WEST",61752,1583.6
"06/25/2019 03:20:00","EDT","CAPITL",61757,1124.8
"06/25/2019 03:20:00","EDT","CENTRL",61754,1454.8
"06/25/2019 03:20:00","EDT","DUNWOD",61760,591.9
"06/25/2019 03:20:00","EDT","GENESE",61753,993.2
"06/25/2019 03:20:00","EDT","HUD VL",61758,906.6
"06/25/2019 03:20:00","EDT","LONGIL",61762,2103
"06/25/2019 03:20:00","EDT","MHK VL",61756,717.1
"06/25/2019 03:20:00","EDT","MILLWD",61759,296.7
"06/25/2019 03:20:00","EDT","N.Y.C.",61761,5629
"06/25/2019 03:20:00","EDT","NORTH",61755,444.3
"06/25/2019 03:20:00","EDT","WEST",61752,1593.7
"06/25/2019 03:25:00","EDT","CAPITL",61757,1123.2
"06/25/2019 03:25:00","EDT","CENTRL",61754,1461
"06/25/2019 03:25:00","EDT","DUNWOD",61760,589.8
"06/25/2019 03:25:00","EDT","GENESE",61753,990.1
"06/25/2019 03:25:00","EDT","HUD VL",61758,895.8
"06/25/2019 03:25:00","EDT","LONGIL",61762,2104.6
"06/25/2019 03:25:00","EDT","MHK VL",61756,716.4
"06/25/2019 03:25:00","EDT","MILLWD",61759,289.6
"06/25/2019 03:25:00","EDT","N.Y.C.",61761,5619.1
"06/25/2019 03:25:00","EDT","NORTH",61755,431.7
"06/25/2019 03:25:00","EDT","WEST",61752,1609.5
"06/25/2019 03:30:00","EDT","CAPITL",61757,1125.3
"06/25/2019 03:30:00","EDT","CENTRL",61754,1471.4
"06/25/2019 03:30:00","EDT","DUNWOD",61760,597.6
"06/25/2019 03:30:00","EDT","GENESE",61753,997.5
"06/25/2019 03:30:00","EDT","HUD VL",61758,901.3
"06/25/2019 03:30:00","EDT","LONGIL",61762,2101.7
"06/25/2019 03:30:00","EDT","MHK VL",61756,706.4
"06/25/2019 03:30:00","EDT","MILLWD",61759,289.3
"06/25/2019 03:30:00","EDT","N.Y.C.",61761,5637.5
"06/25/2019 03:30:00","EDT","NORTH",61755,434.3
"06/25/2019 03:30:00","EDT","WEST",61752,1548.7
"06/25/2019 03:35:00","EDT","CAPITL",61757,1114.4
"06/25/2019 03:35:00","EDT","CENTRL",61754,1467.2
"06/25/2019 03:35:00","EDT","DUNWOD",61760,592.4
"06/25/2019 03:35:00","EDT","GENESE",61753,983.4
"06/25/2019 03:35:00","EDT","HUD VL",61758,899.1
"06/25/2019 03:35:00","EDT","LONGIL",61762,2094.5
"06/25/2019 03:35:00","EDT","MHK VL",61756,704.8
"06/25/2019 03:35:00","EDT","MILLWD",61759,297.7
"06/25/2019 03:35:00","EDT","N.Y.C.",61761,5608
"06/25/2019 03:35:00","EDT","NORTH",61755,443
"06/25/2019 03:35:00","EDT","WEST",61752,1568.6
"06/25/2019 03:40:00","EDT","CAPITL",61757,1124.9
"06/25/2019 03:40:00","EDT","CENTRL",61754,1466.5
"06/25/2019 03:40:00","EDT","DUNWOD",61760,598.5
"06/25/2019 03:40:00","EDT","GENESE",61753,991.2
"06/25/2019 03:40:00","EDT","HUD VL",61758,910.1
"06/25/2019 03:40:00","EDT","LONGIL",61762,2091.4
"06/25/2019 03:40:00","EDT","MHK VL",61756,707.2
"06/25/2019 03:40:00","EDT","MILLWD",61759,293.4
"06/25/2019 03:40:00","EDT","N.Y.C.",61761,5588.8
"06/25/2019 03:40:00","EDT","NORTH",61755,436.8
"06/25/2019 03:40:00","EDT","WEST",61752,1561.2
"06/25/2019 03:45:00","EDT","CAPITL",61757,1118.9
"06/25/2019 03:45:00","EDT","CENTRL",61754,1422
"06/25/2019 03:45:00","EDT","DUNWOD",61760,596.1
"06/25/2019 03:45:00","EDT","GENESE",61753,988.7
"06/25/2019 03:45:00","EDT","HUD VL",61758,909.9
"06/25/2019 03:45:00","EDT","LONGIL",61762,2104.6
"06/25/2019 03:45:00","EDT","MHK VL",61756,703.5
"06/25/2019 03:45:00","EDT","MILLWD",61759,287.5
"06/25/2019 03:45:00","EDT","N.Y.C.",61761,5610.4
"06/25/2019 03:45:00","EDT","NORTH",61755,438.9
"06/25/2019 03:45:00","EDT","WEST",61752,1549.6
"06/25/2019 03:50:00","EDT","CAPITL",61757,1115.5
"06/25/2019 03:50:00","EDT","CENTRL",61754,1455.9
"06/25/2019 03:50:00","EDT","DUNWOD",61760,590.5
"06/25/2019 03:50:00","EDT","GENESE",61753,994.1
"06/25/2019 03:50:00","EDT","HUD VL",61758,892
"06/25/2019 03:50:00","EDT","LONGIL",61762,2108.6
"06/25/2019 03:50:00","EDT","MHK VL",61756,703.8
"06/25/2019 03:50:00","EDT","MILLWD",61759,290.9
"06/25/2019 03:50:00","EDT","N.Y.C.",61761,5595.2
"06/25/2019 03:50:00","EDT","NORTH",61755,439.1
"06/25/2019 03:50:00","EDT","WEST",61752,1545.5
"06/25/2019 03:55:00","EDT","CAPITL",61757,1112.2
"06/25/2019 03:55:00","EDT","CENTRL",61754,1459.4
"06/25/2019 03:55:00","EDT","DUNWOD",61760,598.2
"06/25/2019 03:55:00","EDT","GENESE",61753,983.7
"06/25/2019 03:55:00","EDT","HUD VL",61758,899.4
"06/25/2019 03:55:00","EDT","LONGIL",61762,2099.1
"06/25/2019 03:55:00","EDT","MHK VL",61756,704.3
"06/25/2019 03:55:00","EDT","MILLWD",61759,289.5
"06/25/2019 03:55:00","EDT","N.Y.C.",61761,5600.7
"06/25/2019 03:55:00","EDT","NORTH",61755,436.3
"06/25/2019 03:55:00","EDT","WEST",61752,1561.5
"06/25/2019 04:00:00","EDT","CAPITL",61757,1114.1
"06/25/2019 04:00:00","EDT","CENTRL",61754,1468.4
"06/25/2019 04:00:00","EDT","DUNWOD",61760,590
"06/25/2019 04:00:00","EDT","GENESE",61753,985.6
"06/25/2019 04:00:00","EDT","HUD VL",61758,899.8
"06/25/2019 04:00:00","EDT","LONGIL",61762,2103.4
"06/25/2019 04:00:00","EDT","MHK VL",61756,706.2
"06/25/2019 04:00:00","EDT","MILLWD",61759,290.5
"06/25/2019 04:00:00","EDT","N.Y.C.",61761,5588.1
"06/25/2019 04:00:00","EDT","NORTH",61755,433.4
"06/25/2019 04:00:00","EDT","WEST",61752,1564.8
"06/25/2019 04:05:00","EDT","CAPITL",61757,1121.8
"06/25/2019 04:05:00","EDT","CENTRL",61754,1438
"06/25/2019 04:05:00","EDT","DUNWOD",61760,591
"06/25/2019 04:05:00","EDT","GENESE",61753,985.2
"06/25/2019 04:05:00","EDT","HUD VL",61758,901
"06/25/2019 04:05:00","EDT","LONGIL",61762,2105.6
"06/25/2019 04:05:00","EDT","MHK VL",61756,699.5
"06/25/2019 04:05:00","EDT","MILLWD",61759,291
"06/25/2019 04:05:00","EDT","N.Y.C.",61761,5597.4
"06/25/2019 04:05:00","EDT","NORTH",61755,441.8
"06/25/2019 04:05:00","EDT","WEST",61752,1569.8
"06/25/2019 04:10:00","EDT","CAPITL",61757,1123
"06/25/2019 04:10:00","EDT","CENTRL",61754,1472.5
"06/25/2019 04:10:00","EDT","DUNWOD",61760,592.2
"06/25/2019 04:10:00","EDT","GENESE",61753,994.5
"06/25/2019 04:10:00","EDT","HUD VL",61758,897.4
"06/25/2019 04:10:00","EDT","LONGIL",61762,2102.7
"06/25/2019 04:10:00","EDT","MHK VL",61756,713.4
"06/25/2019 04:10:00","EDT","MILLWD",61759,297.8
"06/25/2019 04:10:00","EDT","N.Y.C.",61761,5613.9
"06/25/2019 04:10:00","EDT","NORTH",61755,438.1
"06/25/2019 04:10:00","EDT","WEST",61752,1566.9
"06/25/2019 04:15:00","EDT","CAPITL",61757,1134.5
"06/25/2019 04:15:00","EDT","CENTRL",61754,1476.9
"06/25/2019 04:15:00","EDT","DUNWOD",61760,594.3
"06/25/2019 04:15:00","EDT","GENESE",61753,991.3
"06/25/2019 04:15:00","EDT","HUD VL",61758,900.9
"06/25/2019 04:15:00","EDT","LONGIL",61762,2128
"06/25/2019 04:15:00","EDT","MHK VL",61756,710.6
"06/25/2019 04:15:00","EDT","MILLWD",61759,283.4
"06/25/2019 04:15:00","EDT","N.Y.C.",61761,5620.5
"06/25/2019 04:15:00","EDT","NORTH",61755,438.8
"06/25/2019 04:15:00","EDT","WEST",61752,1570.1
"06/25/2019 04:20:00","EDT","CAPITL",61757,1142.7
"06/25/2019 04:20:00","EDT","CENTRL",61754,1489.1
"06/25/2019 04:20:00","EDT","DUNWOD",61760,597.4
"06/25/2019 04:20:00","EDT","GENESE",61753,994.4
"06/25/2019 04:20:00","EDT","HUD VL",61758,889.8
"06/25/2019 04:20:00","EDT","LONGIL",61762,2114.2
"06/25/2019 04:20:00","EDT","MHK VL",61756,711.8
"06/25/2019 04:20:00","EDT","MILLWD",61759,288.2
"06/25/2019 04:20:00","EDT","N.Y.C.",61761,5627.8
"06/25/2019 04:20:00","EDT","NORTH",61755,447.1
"06/25/2019 04:20:00","EDT","WEST",61752,1550.9
"06/25/2019 04:25:00","EDT","CAPITL",61757,1136.8
"06/25/2019 04:25:00","EDT","CENTRL",61754,1485.4
"06/25/2019 04:25:00","EDT","DUNWOD",61760,595
"06/25/2019 04:25:00","EDT","GENESE",61753,996.6
"06/25/2019 04:25:00","EDT","HUD VL",61758,891.8
"06/25/2019 04:25:00","EDT","LONGIL",61762,2111.3
"06/25/2019 04:25:00","EDT","MHK VL",61756,718.8
"06/25/2019 04:25:00","EDT","MILLWD",61759,288.2
"06/25/2019 04:25:00","EDT","N.Y.C.",61761,5632.6
"06/25/2019 04:25:00","EDT","NORTH",61755,438.9
"06/25/2019 04:25:00","EDT","WEST",61752,1578.2
"06/25/2019 04:30:00","EDT","CAPITL",61757,1136.6
"06/25/2019 04:30:00","EDT","CENTRL",61754,1443.1
"06/25/2019 04:30:00","EDT","DUNWOD",61760,591.7
"06/25/2019 04:30:00","EDT","GENESE",61753,1004.7
"06/25/2019 04:30:00","EDT","HUD VL",61758,903.9
"06/25/2019 04:30:00","EDT","LONGIL",61762,2107.7
"06/25/2019 04:30:00","EDT","MHK VL",61756,727.8
"06/25/2019 04:30:00","EDT","MILLWD",61759,293.9
"06/25/2019 04:30:00","EDT","N.Y.C.",61761,5615.6
"06/25/2019 04:30:00","EDT","NORTH",61755,446.3
"06/25/2019 04:30:00","EDT","WEST",61752,1602.6
"06/25/2019 04:35:00","EDT","CAPITL",61757,1135.6
"06/25/2019 04:35:00","EDT","CENTRL",61754,1445.7
"06/25/2019 04:35:00","EDT","DUNWOD",61760,597.4
"06/25/2019 04:35:00","EDT","GENESE",61753,994.2
"06/25/2019 04:35:00","EDT","HUD VL",61758,899
"06/25/2019 04:35:00","EDT","LONGIL",61762,2116.9
"06/25/2019 04:35:00","EDT","MHK VL",61756,721.7
"06/25/2019 04:35:00","EDT","MILLWD",61759,293.6
"06/25/2019 04:35:00","EDT","N.Y.C.",61761,5645.5
"06/25/2019 04:35:00","EDT","NORTH",61755,439.8
"06/25/2019 04:35:00","EDT","WEST",61752,1562
"06/25/2019 04:40:00","EDT","CAPITL",61757,1148.8
"06/25/2019 04:40:00","EDT","CENTRL",61754,1507.6
"06/25/2019 04:40:00","EDT","DUNWOD",61760,596.4
"06/25/2019 04:40:00","EDT","GENESE",61753,998.2
"06/25/2019 04:40:00","EDT","HUD VL",61758,902.5
"06/25/2019 04:40:00","EDT","LONGIL",61762,2123.5
"06/25/2019 04:40:00","EDT","MHK VL",61756,719.7
"06/25/2019 04:40:00","EDT","MILLWD",61759,297.5
"06/25/2019 04:40:00","EDT","N.Y.C.",61761,5655.7
"06/25/2019 04:40:00","EDT","NORTH",61755,445.7
"06/25/2019 04:40:00","EDT","WEST",61752,1602.8
"06/25/2019 04:45:00","EDT","CAPITL",61757,1136.2
"06/25/2019 04:45:00","EDT","CENTRL",61754,1503.9
"06/25/2019 04:45:00","EDT","DUNWOD",61760,602
"06/25/2019 04:45:00","EDT","GENESE",61753,996
"06/25/2019 04:45:00","EDT","HUD VL",61758,922.6
"06/25/2019 04:45:00","EDT","LONGIL",61762,2111.5
"06/25/2019 04:45:00","EDT","MHK VL",61756,740
"06/25/2019 04:45:00","EDT","MILLWD",61759,294
"06/25/2019 04:45:00","EDT","N.Y.C.",61761,5650.5
"06/25/2019 04:45:00","EDT","NORTH",61755,428.9
"06/25/2019 04:45:00","EDT","WEST",61752,1567.9
"06/25/2019 04:50:00","EDT","CAPITL",61757,1145.3
"06/25/2019 04:50:00","EDT","CENTRL",61754,1497.7
"06/25/2019 04:50:00","EDT","DUNWOD",61760,597.1
"06/25/2019 04:50:00","EDT","GENESE",61753,1007.1
"06/25/2019 04:50:00","EDT","HUD VL",61758,904.5
"06/25/2019 04:50:00","EDT","LONGIL",61762,2132.7
"06/25/2019 04:50:00","EDT","MHK VL",61756,737.4
"06/25/2019 04:50:00","EDT","MILLWD",61759,302.3
"06/25/2019 04:50:00","EDT","N.Y.C.",61761,5668
"06/25/2019 04:50:00","EDT","NORTH",61755,445.9
"06/25/2019 04:50:00","EDT","WEST",61752,1585.5
"06/25/2019 04:55:00","EDT","CAPITL",61757,1146.1
"06/25/2019 04:55:00","EDT","CENTRL",61754,1502.3
"06/25/2019 04:55:00","EDT","DUNWOD",61760,594.2
"06/25/2019 04:55:00","EDT","GENESE",61753,1005.1
"06/25/2019 04:55:00","EDT","HUD VL",61758,901.7
"06/25/2019 04:55:00","EDT","LONGIL",61762,2136.8
"06/25/2019 04:55:00","EDT","MHK VL",61756,733.4
"06/25/2019 04:55:00","EDT","MILLWD",61759,301.3
"06/25/2019 04:55:00","EDT","N.Y.C.",61761,5670.7
"06/25/2019 04:55:00","EDT","NORTH",61755,446.5
"06/25/2019 04:55:00","EDT","WEST",61752,1595.7
"06/25/2019 05:00:00","EDT","CAPITL",61757,1149.3
"06/25/2019 05:00:00","EDT","CENTRL",61754,1517.6
"06/25/2019 05:00:00","EDT","DUNWOD",61760,610.9
"06/25/2019 05:00:00","EDT","GENESE",61753,1009.4
"06/25/2019 05:00:00","EDT","HUD VL",61758,884.7
"06/25/2019 05:00:00","EDT","LONGIL",61762,2138.8
"06/25/2019 05:00:00","EDT","MHK VL",61756,733.1
"06/25/2019 05:00:00","EDT","MILLWD",61759,298.6
"06/25/2019 05:00:00","EDT","N.Y.C.",61761,5677.5
"06/25/2019 05:00:00","EDT","NORTH",61755,458.1
"06/25/2019 05:00:00","EDT","WEST",61752,1583.8
"06/25/2019 05:05:00","EDT","CAPITL",61757,1152.2
"06/25/2019 05:05:00","EDT","CENTRL",61754,1512.1
"06/25/2019 05:05:00","EDT","DUNWOD",61760,610.1
"06/25/2019 05:05:00","EDT","GENESE",61753,1011.5
"06/25/2019 05:05:00","EDT","HUD VL",61758,913.5
"06/25/2019 05:05:00","EDT","LONGIL",61762,2148
"06/25/2019 05:05:00","EDT","MHK VL",61756,754.1
"06/25/2019 05:05:00","EDT","MILLWD",61759,291.6
"06/25/2019 05:05:00","EDT","N.Y.C.",61761,5701.9
"06/25/2019 05:05:00","EDT","NORTH",61755,469.9
"06/25/2019 05:05:00","EDT","WEST",61752,1607.8
"06/25/2019 05:10:00","EDT","CAPITL",61757,1176.4
"06/25/2019 05:10:00","EDT","CENTRL",61754,1545.4
"06/25/2019 05:10:00","EDT","DUNWOD",61760,607
"06/25/2019 05:10:00","EDT","GENESE",61753,1015.3
"06/25/2019 05:10:00","EDT","HUD VL",61758,929.5
"06/25/2019 05:10:00","EDT","LONGIL",61762,2166.7
"06/25/2019 05:10:00","EDT","MHK VL",61756,769.1
"06/25/2019 05:10:00","EDT","MILLWD",61759,301.5
"06/25/2019 05:10:00","EDT","N.Y.C.",61761,5745.4
"06/25/2019 05:10:00","EDT","NORTH",61755,479.1
"06/25/2019 05:10:00","EDT","WEST",61752,1594.9
"06/25/2019 05:15:00","EDT","CAPITL",61757,1181
"06/25/2019 05:15:00","EDT","CENTRL",61754,1551
"06/25/2019 05:15:00","EDT","DUNWOD",61760,615.7
"06/25/2019 05:15:00","EDT","GENESE",61753,1020.7
"06/25/2019 05:15:00","EDT","HUD VL",61758,926
"06/25/2019 05:15:00","EDT","LONGIL",61762,2182.9
"06/25/2019 05:15:00","EDT","MHK VL",61756,773.7
"06/25/2019 05:15:00","EDT","MILLWD",61759,303.6
"06/25/2019 05:15:00","EDT","N.Y.C.",61761,5796.4
"06/25/2019 05:15:00","EDT","NORTH",61755,472
"06/25/2019 05:15:00","EDT","WEST",61752,1596.3
"06/25/2019 05:20:00","EDT","CAPITL",61757,1187.9
"06/25/2019 05:20:00","EDT","CENTRL",61754,1516.9
"06/25/2019 05:20:00","EDT","DUNWOD",61760,625.3
"06/25/2019 05:20:00","EDT","GENESE",61753,1026.1
"06/25/2019 05:20:00","EDT","HUD VL",61758,922.7
"06/25/2019 05:20:00","EDT","LONGIL",61762,2194.9
"06/25/2019 05:20:00","EDT","MHK VL",61756,796.5
"06/25/2019 05:20:00","EDT","MILLWD",61759,307.3
"06/25/2019 05:20:00","EDT","N.Y.C.",61761,5830.3
"06/25/2019 05:20:00","EDT","NORTH",61755,480.2
"06/25/2019 05:20:00","EDT","WEST",61752,1629.1
"06/25/2019 05:25:00","EDT","CAPITL",61757,1182.7
"06/25/2019 05:25:00","EDT","CENTRL",61754,1516.3
"06/25/2019 05:25:00","EDT","DUNWOD",61760,621.8
"06/25/2019 05:25:00","EDT","GENESE",61753,1038.2
"06/25/2019 05:25:00","EDT","HUD VL",61758,936
"06/25/2019 05:25:00","EDT","LONGIL",61762,2192.4
"06/25/2019 05:25:00","EDT","MHK VL",61756,791
"06/25/2019 05:25:00","EDT","MILLWD",61759,304.8
"06/25/2019 05:25:00","EDT","N.Y.C.",61761,5860
"06/25/2019 05:25:00","EDT","NORTH",61755,495.6
"06/25/2019 05:25:00","EDT","WEST",61752,1620.3
"06/25/2019 05:30:00","EDT","CAPITL",61757,1187.5
"06/25/2019 05:30:00","EDT","CENTRL",61754,1563.9
"06/25/2019 05:30:00","EDT","DUNWOD",61760,622.9
"06/25/2019 05:30:00","EDT","GENESE",61753,1030.5
"06/25/2019 05:30:00","EDT","HUD VL",61758,931.3
"06/25/2019 05:30:00","EDT","LONGIL",61762,2199.1
"06/25/2019 05:30:00","EDT","MHK VL",61756,794.2
"06/25/2019 05:30:00","EDT","MILLWD",61759,309
"06/25/2019 05:30:00","EDT","N.Y.C.",61761,5882.5
"06/25/2019 05:30:00","EDT","NORTH",61755,479.7
"06/25/2019 05:30:00","EDT","WEST",61752,1613.1
"06/25/2019 05:35:00","EDT","CAPITL",61757,1186.8
"06/25/2019 05:35:00","EDT","CENTRL",61754,1573.9
"06/25/2019 05:35:00","EDT","DUNWOD",61760,623
"06/25/2019 05:35:00","EDT","GENESE",61753,1041
"06/25/2019 05:35:00","EDT","HUD VL",61758,951.6
"06/25/2019 05:35:00","EDT","LONGIL",61762,2198.3
"06/25/2019 05:35:00","EDT","MHK VL",61756,791.3
"06/25/2019 05:35:00","EDT","MILLWD",61759,310
"06/25/2019 05:35:00","EDT","N.Y.C.",61761,5904.5
"06/25/2019 05:35:00","EDT","NORTH",61755,484.4
"06/25/2019 05:35:00","EDT","WEST",61752,1609.9
"06/25/2019 05:40:00","EDT","CAPITL",61757,1187.6
"06/25/2019 05:40:00","EDT","CENTRL",61754,1588
"06/25/2019 05:40:00","EDT","DUNWOD",61760,638.7
"06/25/2019 05:40:00","EDT","GENESE",61753,1044.8
"06/25/2019 05:40:00","EDT","HUD VL",61758,951.7
"06/25/2019 05:40:00","EDT","LONGIL",61762,2215.9
"06/25/2019 05:40:00","EDT","MHK VL",61756,797.1
"06/25/2019 05:40:00","EDT","MILLWD",61759,311.8
"06/25/2019 05:40:00","EDT","N.Y.C.",61761,5948
"06/25/2019 05:40:00","EDT","NORTH",61755,485.7
"06/25/2019 05:40:00","EDT","WEST",61752,1623.6
"06/25/2019 05:45:00","EDT","CAPITL",61757,1193.1
"06/25/2019 05:45:00","EDT","CENTRL",61754,1591.9
"06/25/2019 05:45:00","EDT","DUNWOD",61760,634.4
"06/25/2019 05:45:00","EDT","GENESE",61753,1044.2
"06/25/2019 05:45:00","EDT","HUD VL",61758,955
"06/25/2019 05:45:00","EDT","LONGIL",61762,2220.5
"06/25/2019 05:45:00","EDT","MHK VL",61756,799.9
"06/25/2019 05:45:00","EDT","MILLWD",61759,322.2
"06/25/2019 05:45:00","EDT","N.Y.C.",61761,5964.5
"06/25/2019 05:45:00","EDT","NORTH",61755,482.7
"06/25/2019 05:45:00","EDT","WEST",61752,1625.8
"06/25/2019 05:50:00","EDT","CAPITL",61757,1199.4
"06/25/2019 05:50:00","EDT","CENTRL",61754,1598.6
"06/25/2019 05:50:00","EDT","DUNWOD",61760,641.4
"06/25/2019 05:50:00","EDT","GENESE",61753,1049.5
"06/25/2019 05:50:00","EDT","HUD VL",61758,950.1
"06/25/2019 05:50:00","EDT","LONGIL",61762,2231.6
"06/25/2019 05:50:00","EDT","MHK VL",61756,806.2
"06/25/2019 05:50:00","EDT","MILLWD",61759,315.9
"06/25/2019 05:50:00","EDT","N.Y.C.",61761,6002
"06/25/2019 05:50:00","EDT","NORTH",61755,448.1
"06/25/2019 05:50:00","EDT","WEST",61752,1619.9
"06/25/2019 05:55:00","EDT","CAPITL",61757,1200.3
"06/25/2019 05:55:00","EDT","CENTRL",61754,1623.2
"06/25/2019 05:55:00","EDT","DUNWOD",61760,643.3
"06/25/2019 05:55:00","EDT","GENESE",61753,1047.6
"06/25/2019 05:55:00","EDT","HUD VL",61758,948.6
"06/25/2019 05:55:00","EDT","LONGIL",61762,2249.2
"06/25/2019 05:55:00","EDT","MHK VL",61756,818.6
"06/25/2019 05:55:00","EDT","MILLWD",61759,317.8
"06/25/2019 05:55:00","EDT","N.Y.C.",61761,6027.9
"06/25/2019 05:55:00","EDT","NORTH",61755,463
"06/25/2019 05:55:00","EDT","WEST",61752,1630.3
"06/25/2019 06:00:00","EDT","CAPITL",61757,1222
"06/25/2019 06:00:00","EDT","CENTRL",61754,1639.5
"06/25/2019 06:00:00","EDT","DUNWOD",61760,653.1
"06/25/2019 06:00:00","EDT","GENESE",61753,1049.2
"06/25/2019 06:00:00","EDT","HUD VL",61758,944.8
"06/25/2019 06:00:00","EDT","LONGIL",61762,2258.5
"06/25/2019 06:00:00","EDT","MHK VL",61756,814.9
"06/25/2019 06:00:00","EDT","MILLWD",61759,331.2
"06/25/2019 06:00:00","EDT","N.Y.C.",61761,6034.6
"06/25/2019 06:00:00","EDT","NORTH",61755,487.4
"06/25/2019 06:00:00","EDT","WEST",61752,1623.3
"06/25/2019 06:05:00","EDT","CAPITL",61757,1218.4
"06/25/2019 06:05:00","EDT","CENTRL",61754,1665.9
"06/25/2019 06:05:00","EDT","DUNWOD",61760,652.6
"06/25/2019 06:05:00","EDT","GENESE",61753,1066.8
"06/25/2019 06:05:00","EDT","HUD VL",61758,971.9
"06/25/2019 06:05:00","EDT","LONGIL",61762,2251.1
"06/25/2019 06:05:00","EDT","MHK VL",61756,811.2
"06/25/2019 06:05:00","EDT","MILLWD",61759,339.5
"06/25/2019 06:05:00","EDT","N.Y.C.",61761,6074.2
"06/25/2019 06:05:00","EDT","NORTH",61755,477.7
"06/25/2019 06:05:00","EDT","WEST",61752,1664.7
"06/25/2019 06:10:00","EDT","CAPITL",61757,1230.2
"06/25/2019 06:10:00","EDT","CENTRL",61754,1674
"06/25/2019 06:10:00","EDT","DUNWOD",61760,664.7
"06/25/2019 06:10:00","EDT","GENESE",61753,1081.7
"06/25/2019 06:10:00","EDT","HUD VL",61758,1000.2
"06/25/2019 06:10:00","EDT","LONGIL",61762,2292.7
"06/25/2019 06:10:00","EDT","MHK VL",61756,825.7
"06/25/2019 06:10:00","EDT","MILLWD",61759,335.6
"06/25/2019 06:10:00","EDT","N.Y.C.",61761,6168.9
"06/25/2019 06:10:00","EDT","NORTH",61755,458.2
"06/25/2019 06:10:00","EDT","WEST",61752,1672.2
"06/25/2019 06:15:00","EDT","CAPITL",61757,1262.4
"06/25/2019 06:15:00","EDT","CENTRL",61754,1649.1
"06/25/2019 06:15:00","EDT","DUNWOD",61760,667.2
"06/25/2019 06:15:00","EDT","GENESE",61753,1079.1
"06/25/2019 06:15:00","EDT","HUD VL",61758,990.9
"06/25/2019 06:15:00","EDT","LONGIL",61762,2315
"06/25/2019 06:15:00","EDT","MHK VL",61756,832.5
"06/25/2019 06:15:00","EDT","MILLWD",61759,343.9
"06/25/2019 06:15:00","EDT","N.Y.C.",61761,6243.7
"06/25/2019 06:15:00","EDT","NORTH",61755,462.4
"06/25/2019 06:15:00","EDT","WEST",61752,1688.4
"06/25/2019 06:20:00","EDT","CAPITL",61757,1259.4
"06/25/2019 06:20:00","EDT","CENTRL",61754,1687.5
"06/25/2019 06:20:00","EDT","DUNWOD",61760,682.8
"06/25/2019 06:20:00","EDT","GENESE",61753,1092.5
"06/25/2019 06:20:00","EDT","HUD VL",61758,992.7
"06/25/2019 06:20:00","EDT","LONGIL",61762,2356.1
"06/25/2019 06:20:00","EDT","MHK VL",61756,843
"06/25/2019 06:20:00","EDT","MILLWD",61759,350.3
"06/25/2019 06:20:00","EDT","N.Y.C.",61761,6287.3
"06/25/2019 06:20:00","EDT","NORTH",61755,469.7
"06/25/2019 06:20:00","EDT","WEST",61752,1692.6
"06/25/2019 06:25:00","EDT","CAPITL",61757,1272.4
"06/25/2019 06:25:00","EDT","CENTRL",61754,1706.3
"06/25/2019 06:25:00","EDT","DUNWOD",61760,686.6
"06/25/2019 06:25:00","EDT","GENESE",61753,1084
"06/25/2019 06:25:00","EDT","HUD VL",61758,991.4
"06/25/2019 06:25:00","EDT","LONGIL",61762,2360.5
"06/25/2019 06:25:00","EDT","MHK VL",61756,861.3
"06/25/2019 06:25:00","EDT","MILLWD",61759,361.1
"06/25/2019 06:25:00","EDT","N.Y.C.",61761,6354.8
"06/25/2019 06:25:00","EDT","NORTH",61755,471.2
"06/25/2019 06:25:00","EDT","WEST",61752,1706.7
"06/25/2019 06:30:00","EDT","CAPITL",61757,1273.7
"06/25/2019 06:30:00","EDT","CENTRL",61754,1722.9
"06/25/2019 06:30:00","EDT","DUNWOD",61760,696.6
"06/25/2019 06:30:00","EDT","GENESE",61753,1101.6
"06/25/2019 06:30:00","EDT","HUD VL",61758,1011.5
"06/25/2019 06:30:00","EDT","LONGIL",61762,2351.7
"06/25/2019 06:30:00","EDT","MHK VL",61756,852.3
"06/25/2019 06:30:00","EDT","MILLWD",61759,346.7
"06/25/2019 06:30:00","EDT","N.Y.C.",61761,6360.7
"06/25/2019 06:30:00","EDT","NORTH",61755,497.6
"06/25/2019 06:30:00","EDT","WEST",61752,1706.9
"06/25/2019 06:35:00","EDT","CAPITL",61757,1305.7
"06/25/2019 06:35:00","EDT","CENTRL",61754,1731.7
"06/25/2019 06:35:00","EDT","DUNWOD",61760,702.4
"06/25/2019 06:35:00","EDT","GENESE",61753,1102.6
"06/25/2019 06:35:00","EDT","HUD VL",61758,1016.4
"06/25/2019 06:35:00","EDT","LONGIL",61762,2375.8
"06/25/2019 06:35:00","EDT","MHK VL",61756,860.3
"06/25/2019 06:35:00","EDT","MILLWD",61759,351.6
"06/25/2019 06:35:00","EDT","N.Y.C.",61761,6421.4
"06/25/2019 06:35:00","EDT","NORTH",61755,508.3
"06/25/2019 06:35:00","EDT","WEST",61752,1720.8
"06/25/2019 06:40:00","EDT","CAPITL",61757,1312.1
"06/25/2019 06:40:00","EDT","CENTRL",61754,1737.7
"06/25/2019 06:40:00","EDT","DUNWOD",61760,709.3
"06/25/2019 06:40:00","EDT","GENESE",61753,1107.6
"06/25/2019 06:40:00","EDT","HUD VL",61758,1035.5
"06/25/2019 06:40:00","EDT","LONGIL",61762,2382.2
"06/25/2019 06:40:00","EDT","MHK VL",61756,870.6
"06/25/2019 06:40:00","EDT","MILLWD",61759,355.1
"06/25/2019 06:40:00","EDT","N.Y.C.",61761,6452.8
"06/25/2019 06:40:00","EDT","NORTH",61755,496.5
"06/25/2019 06:40:00","EDT","WEST",61752,1742.3
"06/25/2019 06:45:00","EDT","CAPITL",61757,1312.6
"06/25/2019 06:45:00","EDT","CENTRL",61754,1762.9
"06/25/2019 06:45:00","EDT","DUNWOD",61760,703.1
"06/25/2019 06:45:00","EDT","GENESE",61753,1121.6
"06/25/2019 06:45:00","EDT","HUD VL",61758,1037.1
"06/25/2019 06:45:00","EDT","LONGIL",61762,2413.5
"06/25/2019 06:45:00","EDT","MHK VL",61756,887.4
"06/25/2019 06:45:00","EDT","MILLWD",61759,356.7
"06/25/2019 06:45:00","EDT","N.Y.C.",61761,6505.3
"06/25/2019 06:45:00","EDT","NORTH",61755,509.8
"06/25/2019 06:45:00","EDT","WEST",61752,1736.5
"06/25/2019 06:50:00","EDT","CAPITL",61757,1328.7
"06/25/2019 06:50:00","EDT","CENTRL",61754,1771.5
"06/25/2019 06:50:00","EDT","DUNWOD",61760,724.8
"06/25/2019 06:50:00","EDT","GENESE",61753,1126.6
"06/25/2019 06:50:00","EDT","HUD VL",61758,1015.6
"06/25/2019 06:50:00","EDT","LONGIL",61762,2421.1
"06/25/2019 06:50:00","EDT","MHK VL",61756,886.1
"06/25/2019 06:50:00","EDT","MILLWD",61759,360.2
"06/25/2019 06:50:00","EDT","N.Y.C.",61761,6535.4
"06/25/2019 06:50:00","EDT","NORTH",61755,513.3
"06/25/2019 06:50:00","EDT","WEST",61752,1742.1
"06/25/2019 06:55:00","EDT","CAPITL",61757,1337.2
"06/25/2019 06:55:00","EDT","CENTRL",61754,1795.9
"06/25/2019 06:55:00","EDT","DUNWOD",61760,704.8
"06/25/2019 06:55:00","EDT","GENESE",61753,1131.5
"06/25/2019 06:55:00","EDT","HUD VL",61758,1027.2
"06/25/2019 06:55:00","EDT","LONGIL",61762,2448.8
"06/25/2019 06:55:00","EDT","MHK VL",61756,902.5
"06/25/2019 06:55:00","EDT","MILLWD",61759,363.9
"06/25/2019 06:55:00","EDT","N.Y.C.",61761,6580.3
"06/25/2019 06:55:00","EDT","NORTH",61755,483.8
"06/25/2019 06:55:00","EDT","WEST",61752,1776.7
"06/25/2019 07:00:00","EDT","CAPITL",61757,1354.5
"06/25/2019 07:00:00","EDT","CENTRL",61754,1803.9
"06/25/2019 07:00:00","EDT","DUNWOD",61760,720
"06/25/2019 07:00:00","EDT","GENESE",61753,1142.9
"06/25/2019 07:00:00","EDT","HUD VL",61758,1041.8
"06/25/2019 07:00:00","EDT","LONGIL",61762,2446.4
"06/25/2019 07:00:00","EDT","MHK VL",61756,898.9
"06/25/2019 07:00:00","EDT","MILLWD",61759,375.1
"06/25/2019 07:00:00","EDT","N.Y.C.",61761,6640.1
"06/25/2019 07:00:00","EDT","NORTH",61755,502.1
"06/25/2019 07:00:00","EDT","WEST",61752,1768.2
"06/25/2019 07:05:00","EDT","CAPITL",61757,1364.7
"06/25/2019 07:05:00","EDT","CENTRL",61754,1821.8
"06/25/2019 07:05:00","EDT","DUNWOD",61760,734.2
"06/25/2019 07:05:00","EDT","GENESE",61753,1151.6
"06/25/2019 07:05:00","EDT","HUD VL",61758,1045.2
"06/25/2019 07:05:00","EDT","LONGIL",61762,2471.8
"06/25/2019 07:05:00","EDT","MHK VL",61756,895
"06/25/2019 07:05:00","EDT","MILLWD",61759,368.2
"06/25/2019 07:05:00","EDT","N.Y.C.",61761,6699
"06/25/2019 07:05:00","EDT","NORTH",61755,493.8
"06/25/2019 07:05:00","EDT","WEST",61752,1757.2
"06/25/2019 07:10:00","EDT","CAPITL",61757,1382
"06/25/2019 07:10:00","EDT","CENTRL",61754,1800.3
"06/25/2019 07:10:00","EDT","DUNWOD",61760,746.3
"06/25/2019 07:10:00","EDT","GENESE",61753,1183.5
"06/25/2019 07:10:00","EDT","HUD VL",61758,1077.4
"06/25/2019 07:10:00","EDT","LONGIL",61762,2521.4
"06/25/2019 07:10:00","EDT","MHK VL",61756,896.1
"06/25/2019 07:10:00","EDT","MILLWD",61759,371.8
"06/25/2019 07:10:00","EDT","N.Y.C.",61761,6805.1
"06/25/2019 07:10:00","EDT","NORTH",61755,478.8
"06/25/2019 07:10:00","EDT","WEST",61752,1805.9
"06/25/2019 07:15:00","EDT","CAPITL",61757,1384.8
"06/25/2019 07:15:00","EDT","CENTRL",61754,1832.9
"06/25/2019 07:15:00","EDT","DUNWOD",61760,762.8
"06/25/2019 07:15:00","EDT","GENESE",61753,1180.6
"06/25/2019 07:15:00","EDT","HUD VL",61758,1064.2
"06/25/2019 07:15:00","EDT","LONGIL",61762,2532.6
"06/25/2019 07:15:00","EDT","MHK VL",61756,904.8
"06/25/2019 07:15:00","EDT","MILLWD",61759,378
"06/25/2019 07:15:00","EDT","N.Y.C.",61761,6848.6
"06/25/2019 07:15:00","EDT","NORTH",61755,488.2
"06/25/2019 07:15:00","EDT","WEST",61752,1788.1
"06/25/2019 07:20:00","EDT","CAPITL",61757,1394.2
"06/25/2019 07:20:00","EDT","CENTRL",61754,1855.2
"06/25/2019 07:20:00","EDT","DUNWOD",61760,758.7
"06/25/2019 07:20:00","EDT","GENESE",61753,1187.8
"06/25/2019 07:20:00","EDT","HUD VL",61758,1074.7
"06/25/2019 07:20:00","EDT","LONGIL",61762,2555
"06/25/2019 07:20:00","EDT","MHK VL",61756,908.5
"06/25/2019 07:20:00","EDT","MILLWD",61759,375.8
"06/25/2019 07:20:00","EDT","N.Y.C.",61761,6885.2
"06/25/2019 07:20:00","EDT","NORTH",61755,485.1
"06/25/2019 07:20:00","EDT","WEST",61752,1823.3
"06/25/2019 07:25:00","EDT","CAPITL",61757,1404.1
"06/25/2019 07:25:00","EDT","CENTRL",61754,1851.2
"06/25/2019 07:25:00","EDT","DUNWOD",61760,760.1
"06/25/2019 07:25:00","EDT","GENESE",61753,1206.3
"06/25/2019 07:25:00","EDT","HUD VL",61758,1114
"06/25/2019 07:25:00","EDT","LONGIL",61762,2568.3
"06/25/2019 07:25:00","EDT","MHK VL",61756,916
"06/25/2019 07:25:00","EDT","MILLWD",61759,376.9
"06/25/2019 07:25:00","EDT","N.Y.C.",61761,6905.1
"06/25/2019 07:25:00","EDT","NORTH",61755,481.7
"06/25/2019 07:25:00","EDT","WEST",61752,1817.2
"06/25/2019 07:30:00","EDT","CAPITL",61757,1400.4
"06/25/2019 07:30:00","EDT","CENTRL",61754,1816.3
"06/25/2019 07:30:00","EDT","DUNWOD",61760,781.4
"06/25/2019 07:30:00","EDT","GENESE",61753,1205.1
"06/25/2019 07:30:00","EDT","HUD VL",61758,1084.5
"06/25/2019 07:30:00","EDT","LONGIL",61762,2569.8
"06/25/2019 07:30:00","EDT","MHK VL",61756,917.5
"06/25/2019 07:30:00","EDT","MILLWD",61759,375.4
"06/25/2019 07:30:00","EDT","N.Y.C.",61761,6957.3
"06/25/2019 07:30:00","EDT","NORTH",61755,500.5
"06/25/2019 07:30:00","EDT","WEST",61752,1834.7
"06/25/2019 07:35:00","EDT","CAPITL",61757,1406.1
"06/25/2019 07:35:00","EDT","CENTRL",61754,1865.3
"06/25/2019 07:35:00","EDT","DUNWOD",61760,772.7
"06/25/2019 07:35:00","EDT","GENESE",61753,1220.2
"06/25/2019 07:35:00","EDT","HUD VL",61758,1118.1
"06/25/2019 07:35:00","EDT","LONGIL",61762,2598.9
"06/25/2019 07:35:00","EDT","MHK VL",61756,911.1
"06/25/2019 07:35:00","EDT","MILLWD",61759,383.4
"06/25/2019 07:35:00","EDT","N.Y.C.",61761,7005.6
"06/25/2019 07:35:00","EDT","NORTH",61755,489.6
"06/25/2019 07:35:00","EDT","WEST",61752,1831
"06/25/2019 07:40:00","EDT","CAPITL",61757,1412.3
"06/25/2019 07:40:00","EDT","CENTRL",61754,1896
"06/25/2019 07:40:00","EDT","DUNWOD",61760,770.6
"06/25/2019 07:40:00","EDT","GENESE",61753,1220.3
"06/25/2019 07:40:00","EDT","HUD VL",61758,1091.1
"06/25/2019 07:40:00","EDT","LONGIL",61762,2640.8
"06/25/2019 07:40:00","EDT","MHK VL",61756,919.5
"06/25/2019 07:40:00","EDT","MILLWD",61759,390.5
"06/25/2019 07:40:00","EDT","N.Y.C.",61761,7045.8
"06/25/2019 07:40:00","EDT","NORTH",61755,489.8
"06/25/2019 07:40:00","EDT","WEST",61752,1849.3
"06/25/2019 07:45:00","EDT","CAPITL",61757,1426.7
"06/25/2019 07:45:00","EDT","CENTRL",61754,1892.7
"06/25/2019 07:45:00","EDT","DUNWOD",61760,762.7
"06/25/2019 07:45:00","EDT","GENESE",61753,1231.6
"06/25/2019 07:45:00","EDT","HUD VL",61758,1099.1
"06/25/2019 07:45:00","EDT","LONGIL",61762,2648.8
"06/25/2019 07:45:00","EDT","MHK VL",61756,924.1
"06/25/2019 07:45:00","EDT","MILLWD",61759,392.6
"06/25/2019 07:45:00","EDT","N.Y.C.",61761,7060.2
"06/25/2019 07:45:00","EDT","NORTH",61755,486.3
"06/25/2019 07:45:00","EDT","WEST",61752,1828.5
"06/25/2019 07:50:00","EDT","CAPITL",61757,1415.9
"06/25/2019 07:50:00","EDT","CENTRL",61754,1911.2
"06/25/2019 07:50:00","EDT","DUNWOD",61760,777.8
"06/25/2019 07:50:00","EDT","GENESE",61753,1234.1
"06/25/2019 07:50:00","EDT","HUD VL",61758,1120
"06/25/2019 07:50:00","EDT","LONGIL",61762,2631.5
"06/25/2019 07:50:00","EDT","MHK VL",61756,919.8
"06/25/2019 07:50:00","EDT","MILLWD",61759,388.2
"06/25/2019 07:50:00","EDT","N.Y.C.",61761,7095.7
"06/25/2019 07:50:00","EDT","NORTH",61755,490.2
"06/25/2019 07:50:00","EDT","WEST",61752,1848.4
"06/25/2019 07:55:00","EDT","CAPITL",61757,1411.2
"06/25/2019 07:55:00","EDT","CENTRL",61754,1858.2
"06/25/2019 07:55:00","EDT","DUNWOD",61760,785.2
"06/25/2019 07:55:00","EDT","GENESE",61753,1239.3
"06/25/2019 07:55:00","EDT","HUD VL",61758,1131.3
"06/25/2019 07:55:00","EDT","LONGIL",61762,2653.6
"06/25/2019 07:55:00","EDT","MHK VL",61756,936.5
"06/25/2019 07:55:00","EDT","MILLWD",61759,393.7
"06/25/2019 07:55:00","EDT","N.Y.C.",61761,7110.6
"06/25/2019 07:55:00","EDT","NORTH",61755,500.2
"06/25/2019 07:55:00","EDT","WEST",61752,1845.5
"06/25/2019 08:00:00","EDT","CAPITL",61757,1423.8
"06/25/2019 08:00:00","EDT","CENTRL",61754,1868.8
"06/25/2019 08:00:00","EDT","DUNWOD",61760,797.8
"06/25/2019 08:00:00","EDT","GENESE",61753,1241.8
"06/25/2019 08:00:00","EDT","HUD VL",61758,1122.3
"06/25/2019 08:00:00","EDT","LONGIL",61762,2668.6
"06/25/2019 08:00:00","EDT","MHK VL",61756,935.2
"06/25/2019 08:00:00","EDT","MILLWD",61759,401
"06/25/2019 08:00:00","EDT","N.Y.C.",61761,7177
"06/25/2019 08:00:00","EDT","NORTH",61755,494.5
"06/25/2019 08:00:00","EDT","WEST",61752,1849.6
"06/25/2019 08:05:00","EDT","CAPITL",61757,1423
"06/25/2019 08:05:00","EDT","CENTRL",61754,1891.3
"06/25/2019 08:05:00","EDT","DUNWOD",61760,784.3
"06/25/2019 08:05:00","EDT","GENESE",61753,1246.2
"06/25/2019 08:05:00","EDT","HUD VL",61758,1119
"06/25/2019 08:05:00","EDT","LONGIL",61762,2701.9
"06/25/2019 08:05:00","EDT","MHK VL",61756,953.5
"06/25/2019 08:05:00","EDT","MILLWD",61759,404.8
"06/25/2019 08:05:00","EDT","N.Y.C.",61761,7232.6
"06/25/2019 08:05:00","EDT","NORTH",61755,483.1
"06/25/2019 08:05:00","EDT","WEST",61752,1838.3
"06/25/2019 08:10:00","EDT","CAPITL",61757,1432.9
"06/25/2019 08:10:00","EDT","CENTRL",61754,1905.2
"06/25/2019 08:10:00","EDT","DUNWOD",61760,786.5
"06/25/2019 08:10:00","EDT","GENESE",61753,1264.1
"06/25/2019 08:10:00","EDT","HUD VL",61758,1153
"06/25/2019 08:10:00","EDT","LONGIL",61762,2719.1
"06/25/2019 08:10:00","EDT","MHK VL",61756,960.9
"06/25/2019 08:10:00","EDT","MILLWD",61759,401.8
"06/25/2019 08:10:00","EDT","N.Y.C.",61761,7285.9
"06/25/2019 08:10:00","EDT","NORTH",61755,489.1
"06/25/2019 08:10:00","EDT","WEST",61752,1877.7
"06/25/2019 08:15:00","EDT","CAPITL",61757,1442.2
"06/25/2019 08:15:00","EDT","CENTRL",61754,1897.6
"06/25/2019 08:15:00","EDT","DUNWOD",61760,786.6
"06/25/2019 08:15:00","EDT","GENESE",61753,1258.2
"06/25/2019 08:15:00","EDT","HUD VL",61758,1143.2
"06/25/2019 08:15:00","EDT","LONGIL",61762,2736.3
"06/25/2019 08:15:00","EDT","MHK VL",61756,960.6
"06/25/2019 08:15:00","EDT","MILLWD",61759,400.5
"06/25/2019 08:15:00","EDT","N.Y.C.",61761,7306.4
"06/25/2019 08:15:00","EDT","NORTH",61755,476
"06/25/2019 08:15:00","EDT","WEST",61752,1855.3
"06/25/2019 08:20:00","EDT","CAPITL",61757,1438.5
"06/25/2019 08:20:00","EDT","CENTRL",61754,1885
"06/25/2019 08:20:00","EDT","DUNWOD",61760,800.7
"06/25/2019 08:20:00","EDT","GENESE",61753,1260.6
"06/25/2019 08:20:00","EDT","HUD VL",61758,1127.4
"06/25/2019 08:20:00","EDT","LONGIL",61762,2742
"06/25/2019 08:20:00","EDT","MHK VL",61756,964.1
"06/25/2019 08:20:00","EDT","MILLWD",61759,402.4
"06/25/2019 08:20:00","EDT","N.Y.C.",61761,7356.7
"06/25/2019 08:20:00","EDT","NORTH",61755,493
"06/25/2019 08:20:00","EDT","WEST",61752,1857.3
"06/25/2019 08:25:00","EDT","CAPITL",61757,1444.1
"06/25/2019 08:25:00","EDT","CENTRL",61754,1909.3
"06/25/2019 08:25:00","EDT","DUNWOD",61760,787.6
"06/25/2019 08:25:00","EDT","GENESE",61753,1272.9
"06/25/2019 08:25:00","EDT","HUD VL",61758,1138
"06/25/2019 08:25:00","EDT","LONGIL",61762,2752
"06/25/2019 08:25:00","EDT","MHK VL",61756,973.7
"06/25/2019 08:25:00","EDT","MILLWD",61759,403.8
"06/25/2019 08:25:00","EDT","N.Y.C.",61761,7368.4
"06/25/2019 08:25:00","EDT","NORTH",61755,496.8
"06/25/2019 08:25:00","EDT","WEST",61752,1863.5
"06/25/2019 08:30:00","EDT","CAPITL",61757,1456.9
"06/25/2019 08:30:00","EDT","CENTRL",61754,1944.7
"06/25/2019 08:30:00","EDT","DUNWOD",61760,792.2
"06/25/2019 08:30:00","EDT","GENESE",61753,1283.3
"06/25/2019 08:30:00","EDT","HUD VL",61758,1155.7
"06/25/2019 08:30:00","EDT","LONGIL",61762,2772.7
"06/25/2019 08:30:00","EDT","MHK VL",61756,968.6
"06/25/2019 08:30:00","EDT","MILLWD",61759,408.8
"06/25/2019 08:30:00","EDT","N.Y.C.",61761,7391
"06/25/2019 08:30:00","EDT","NORTH",61755,506.4
"06/25/2019 08:30:00","EDT","WEST",61752,1902.1
"06/25/2019 08:35:00","EDT","CAPITL",61757,1445.8
"06/25/2019 08:35:00","EDT","CENTRL",61754,1960.7
"06/25/2019 08:35:00","EDT","DUNWOD",61760,803
"06/25/2019 08:35:00","EDT","GENESE",61753,1284.4
"06/25/2019 08:35:00","EDT","HUD VL",61758,1146.3
"06/25/2019 08:35:00","EDT","LONGIL",61762,2778.6
"06/25/2019 08:35:00","EDT","MHK VL",61756,975.1
"06/25/2019 08:35:00","EDT","MILLWD",61759,405.9
"06/25/2019 08:35:00","EDT","N.Y.C.",61761,7396.3
"06/25/2019 08:35:00","EDT","NORTH",61755,494.1
"06/25/2019 08:35:00","EDT","WEST",61752,1851.6
"06/25/2019 08:40:00","EDT","CAPITL",61757,1454.8
"06/25/2019 08:40:00","EDT","CENTRL",61754,1954.6
"06/25/2019 08:40:00","EDT","DUNWOD",61760,802.8
"06/25/2019 08:40:00","EDT","GENESE",61753,1292.2
"06/25/2019 08:40:00","EDT","HUD VL",61758,1137
"06/25/2019 08:40:00","EDT","LONGIL",61762,2778
"06/25/2019 08:40:00","EDT","MHK VL",61756,986.4
"06/25/2019 08:40:00","EDT","MILLWD",61759,398.2
"06/25/2019 08:40:00","EDT","N.Y.C.",61761,7471.8
"06/25/2019 08:40:00","EDT","NORTH",61755,500.5
"06/25/2019 08:40:00","EDT","WEST",61752,1858.9
"06/25/2019 08:45:00","EDT","CAPITL",61757,1458.7
"06/25/2019 08:45:00","EDT","CENTRL",61754,1918.5
"06/25/2019 08:45:00","EDT","DUNWOD",61760,786.4
"06/25/2019 08:45:00","EDT","GENESE",61753,1301.7
"06/25/2019 08:45:00","EDT","HUD VL",61758,1161.9
"06/25/2019 08:45:00","EDT","LONGIL",61762,2794
"06/25/2019 08:45:00","EDT","MHK VL",61756,1008.2
"06/25/2019 08:45:00","EDT","MILLWD",61759,414.5
"06/25/2019 08:45:00","EDT","N.Y.C.",61761,7472.2
"06/25/2019 08:45:00","EDT","NORTH",61755,487.6
"06/25/2019 08:45:00","EDT","WEST",61752,1912
"06/25/2019 08:49:59","EDT","CAPITL",61757,1480.5
"06/25/2019 08:49:59","EDT","CENTRL",61754,1921.5
"06/25/2019 08:49:59","EDT","DUNWOD",61760,805.8
"06/25/2019 08:49:59","EDT","GENESE",61753,1301.1
"06/25/2019 08:49:59","EDT","HUD VL",61758,1172.5
"06/25/2019 08:49:59","EDT","LONGIL",61762,2799.9
"06/25/2019 08:49:59","EDT","MHK VL",61756,990.2
"06/25/2019 08:49:59","EDT","MILLWD",61759,413.9
"06/25/2019 08:49:59","EDT","N.Y.C.",61761,7537.6
"06/25/2019 08:49:59","EDT","NORTH",61755,499.4
"06/25/2019 08:49:59","EDT","WEST",61752,1908.1
"06/25/2019 08:50:00","EDT","CAPITL",61757,1467.5
"06/25/2019 08:50:00","EDT","CENTRL",61754,1937.7
"06/25/2019 08:50:00","EDT","DUNWOD",61760,810.7
"06/25/2019 08:50:00","EDT","GENESE",61753,1317
"06/25/2019 08:50:00","EDT","HUD VL",61758,1177.2
"06/25/2019 08:50:00","EDT","LONGIL",61762,2822
"06/25/2019 08:50:00","EDT","MHK VL",61756,986.1
"06/25/2019 08:50:00","EDT","MILLWD",61759,403.2
"06/25/2019 08:50:00","EDT","N.Y.C.",61761,7567.8
"06/25/2019 08:50:00","EDT","NORTH",61755,494.4
"06/25/2019 08:50:00","EDT","WEST",61752,1890
"06/25/2019 08:53:11","EDT","CAPITL",61757,1467.3
"06/25/2019 08:53:11","EDT","CENTRL",61754,1947.7
"06/25/2019 08:53:11","EDT","DUNWOD",61760,795.7
"06/25/2019 08:53:11","EDT","GENESE",61753,1312.3
"06/25/2019 08:53:11","EDT","HUD VL",61758,1165.5
"06/25/2019 08:53:11","EDT","LONGIL",61762,2833.1
"06/25/2019 08:53:11","EDT","MHK VL",61756,982
"06/25/2019 08:53:11","EDT","MILLWD",61759,418
"06/25/2019 08:53:11","EDT","N.Y.C.",61761,7571.8
"06/25/2019 08:53:11","EDT","NORTH",61755,503.2
"06/25/2019 08:53:11","EDT","WEST",61752,1904.5
"06/25/2019 08:55:00","EDT","CAPITL",61757,1474.7
"06/25/2019 08:55:00","EDT","CENTRL",61754,1933.4
"06/25/2019 08:55:00","EDT","DUNWOD",61760,801.4
"06/25/2019 08:55:00","EDT","GENESE",61753,1315.6
"06/25/2019 08:55:00","EDT","HUD VL",61758,1187.8
"06/25/2019 08:55:00","EDT","LONGIL",61762,2809.4
"06/25/2019 08:55:00","EDT","MHK VL",61756,992
"06/25/2019 08:55:00","EDT","MILLWD",61759,396.6
"06/25/2019 08:55:00","EDT","N.Y.C.",61761,7572.2
"06/25/2019 08:55:00","EDT","NORTH",61755,493
"06/25/2019 08:55:00","EDT","WEST",61752,1917.2
"06/25/2019 09:00:00","EDT","CAPITL",61757,1461.7
"06/25/2019 09:00:00","EDT","CENTRL",61754,1950.5
"06/25/2019 09:00:00","EDT","DUNWOD",61760,787.1
"06/25/2019 09:00:00","EDT","GENESE",61753,1317.1
"06/25/2019 09:00:00","EDT","HUD VL",61758,1185.5
"06/25/2019 09:00:00","EDT","LONGIL",61762,2824.7
"06/25/2019 09:00:00","EDT","MHK VL",61756,985.2
"06/25/2019 09:00:00","EDT","MILLWD",61759,401.3
"06/25/2019 09:00:00","EDT","N.Y.C.",61761,7585.4
"06/25/2019 09:00:00","EDT","NORTH",61755,507.9
"06/25/2019 09:00:00","EDT","WEST",61752,1909.4
"06/25/2019 09:05:00","EDT","CAPITL",61757,1474.1
"06/25/2019 09:05:00","EDT","CENTRL",61754,1962.8
"06/25/2019 09:05:00","EDT","DUNWOD",61760,803.9
"06/25/2019 09:05:00","EDT","GENESE",61753,1321
"06/25/2019 09:05:00","EDT","HUD VL",61758,1175.5
"06/25/2019 09:05:00","EDT","LONGIL",61762,2825.2
"06/25/2019 09:05:00","EDT","MHK VL",61756,988
"06/25/2019 09:05:00","EDT","MILLWD",61759,407.5
"06/25/2019 09:05:00","EDT","N.Y.C.",61761,7631.7
"06/25/2019 09:05:00","EDT","NORTH",61755,528.3
"06/25/2019 09:05:00","EDT","WEST",61752,1899.2
"06/25/2019 09:10:00","EDT","CAPITL",61757,1468.8
"06/25/2019 09:10:00","EDT","CENTRL",61754,1918.3
"06/25/2019 09:10:00","EDT","DUNWOD",61760,813.3
"06/25/2019 09:10:00","EDT","GENESE",61753,1323
"06/25/2019 09:10:00","EDT","HUD VL",61758,1203
"06/25/2019 09:10:00","EDT","LONGIL",61762,2842.8
"06/25/2019 09:10:00","EDT","MHK VL",61756,977.7
"06/25/2019 09:10:00","EDT","MILLWD",61759,413.9
"06/25/2019 09:10:00","EDT","N.Y.C.",61761,7627.3
"06/25/2019 09:10:00","EDT","NORTH",61755,542.8
"06/25/2019 09:10:00","EDT","WEST",61752,1895.1
"06/25/2019 09:15:00","EDT","CAPITL",61757,1478.7
"06/25/2019 09:15:00","EDT","CENTRL",61754,1965.7
"06/25/2019 09:15:00","EDT","DUNWOD",61760,813.1
"06/25/2019 09:15:00","EDT","GENESE",61753,1312.9
"06/25/2019 09:15:00","EDT","HUD VL",61758,1195.7
"06/25/2019 09:15:00","EDT","LONGIL",61762,2841.1
"06/25/2019 09:15:00","EDT","MHK VL",61756,964.8
"06/25/2019 09:15:00","EDT","MILLWD",61759,413.4
"06/25/2019 09:15:00","EDT","N.Y.C.",61761,7655.3
"06/25/2019 09:15:00","EDT","NORTH",61755,530.7
"06/25/2019 09:15:00","EDT","WEST",61752,1889.1
"06/25/2019 09:20:00","EDT","CAPITL",61757,1480.4
"06/25/2019 09:20:00","EDT","CENTRL",61754,1975.7
"06/25/2019 09:20:00","EDT","DUNWOD",61760,814.9
"06/25/2019 09:20:00","EDT","GENESE",61753,1315.1
"06/25/2019 09:20:00","EDT","HUD VL",61758,1213.8
"06/25/2019 09:20:00","EDT","LONGIL",61762,2855.8
"06/25/2019 09:20:00","EDT","MHK VL",61756,960.3
"06/25/2019 09:20:00","EDT","MILLWD",61759,412.1
"06/25/2019 09:20:00","EDT","N.Y.C.",61761,7637.9
"06/25/2019 09:20:00","EDT","NORTH",61755,543.6
"06/25/2019 09:20:00","EDT","WEST",61752,1879.4
"06/25/2019 09:25:00","EDT","CAPITL",61757,1491.8
"06/25/2019 09:25:00","EDT","CENTRL",61754,1975.5
"06/25/2019 09:25:00","EDT","DUNWOD",61760,810.4
"06/25/2019 09:25:00","EDT","GENESE",61753,1317.2
"06/25/2019 09:25:00","EDT","HUD VL",61758,1187.3
"06/25/2019 09:25:00","EDT","LONGIL",61762,2872.8
"06/25/2019 09:25:00","EDT","MHK VL",61756,986.7
"06/25/2019 09:25:00","EDT","MILLWD",61759,411.4
"06/25/2019 09:25:00","EDT","N.Y.C.",61761,7669.7
"06/25/2019 09:25:00","EDT","NORTH",61755,513.1
"06/25/2019 09:25:00","EDT","WEST",61752,1874.5
"06/25/2019 09:30:00","EDT","CAPITL",61757,1495.9
"06/25/2019 09:30:00","EDT","CENTRL",61754,1983.8
"06/25/2019 09:30:00","EDT","DUNWOD",61760,812.4
"06/25/2019 09:30:00","EDT","GENESE",61753,1321.5
"06/25/2019 09:30:00","EDT","HUD VL",61758,1201.9
"06/25/2019 09:30:00","EDT","LONGIL",61762,2882.3
"06/25/2019 09:30:00","EDT","MHK VL",61756,987.5
"06/25/2019 09:30:00","EDT","MILLWD",61759,416.3
"06/25/2019 09:30:00","EDT","N.Y.C.",61761,7708.7
"06/25/2019 09:30:00","EDT","NORTH",61755,511.6
"06/25/2019 09:30:00","EDT","WEST",61752,1840.5
"06/25/2019 09:35:00","EDT","CAPITL",61757,1497.5
"06/25/2019 09:35:00","EDT","CENTRL",61754,1938.3
"06/25/2019 09:35:00","EDT","DUNWOD",61760,813.1
"06/25/2019 09:35:00","EDT","GENESE",61753,1335.5
"06/25/2019 09:35:00","EDT","HUD VL",61758,1207.1
"06/25/2019 09:35:00","EDT","LONGIL",61762,2871.3
"06/25/2019 09:35:00","EDT","MHK VL",61756,987.7
"06/25/2019 09:35:00","EDT","MILLWD",61759,414.8
"06/25/2019 09:35:00","EDT","N.Y.C.",61761,7679.7
"06/25/2019 09:35:00","EDT","NORTH",61755,509.6
"06/25/2019 09:35:00","EDT","WEST",61752,1907.5
"06/25/2019 09:40:00","EDT","CAPITL",61757,1509.8
"06/25/2019 09:40:00","EDT","CENTRL",61754,1943.1
"06/25/2019 09:40:00","EDT","DUNWOD",61760,818.2
"06/25/2019 09:40:00","EDT","GENESE",61753,1339.9
"06/25/2019 09:40:00","EDT","HUD VL",61758,1227.8
"06/25/2019 09:40:00","EDT","LONGIL",61762,2878.7
"06/25/2019 09:40:00","EDT","MHK VL",61756,999.6
"06/25/2019 09:40:00","EDT","MILLWD",61759,417.9
"06/25/2019 09:40:00","EDT","N.Y.C.",61761,7685.7
"06/25/2019 09:40:00","EDT","NORTH",61755,503.6
"06/25/2019 09:40:00","EDT","WEST",61752,1890.9
"06/25/2019 09:45:00","EDT","CAPITL",61757,1518.6
"06/25/2019 09:45:00","EDT","CENTRL",61754,1977.5
"06/25/2019 09:45:00","EDT","DUNWOD",61760,825.1
"06/25/2019 09:45:00","EDT","GENESE",61753,1338.7
"06/25/2019 09:45:00","EDT","HUD VL",61758,1214.2
"06/25/2019 09:45:00","EDT","LONGIL",61762,2892.9
"06/25/2019 09:45:00","EDT","MHK VL",61756,996.1
"06/25/2019 09:45:00","EDT","MILLWD",61759,422.5
"06/25/2019 09:45:00","EDT","N.Y.C.",61761,7743.2
"06/25/2019 09:45:00","EDT","NORTH",61755,502.4
"06/25/2019 09:45:00","EDT","WEST",61752,1893.3
"06/25/2019 09:50:00","EDT","CAPITL",61757,1505.9
"06/25/2019 09:50:00","EDT","CENTRL",61754,1991.6
"06/25/2019 09:50:00","EDT","DUNWOD",61760,822.2
"06/25/2019 09:50:00","EDT","GENESE",61753,1341.4
"06/25/2019 09:50:00","EDT","HUD VL",61758,1221.8
"06/25/2019 09:50:00","EDT","LONGIL",61762,2885.4
"06/25/2019 09:50:00","EDT","MHK VL",61756,1006.8
"06/25/2019 09:50:00","EDT","MILLWD",61759,424.7
"06/25/2019 09:50:00","EDT","N.Y.C.",61761,7730.3
"06/25/2019 09:50:00","EDT","NORTH",61755,503.7
"06/25/2019 09:50:00","EDT","WEST",61752,1922.9
"06/25/2019 09:55:00","EDT","CAPITL",61757,1510.9
"06/25/2019 09:55:00","EDT","CENTRL",61754,1979.5
"06/25/2019 09:55:00","EDT","DUNWOD",61760,831.2
"06/25/2019 09:55:00","EDT","GENESE",61753,1356.4
"06/25/2019 09:55:00","EDT","HUD VL",61758,1200.8
"06/25/2019 09:55:00","EDT","LONGIL",61762,2904.6
"06/25/2019 09:55:00","EDT","MHK VL",61756,1013.2
"06/25/2019 09:55:00","EDT","MILLWD",61759,437.7
"06/25/2019 09:55:00","EDT","N.Y.C.",61761,7727.2
"06/25/2019 09:55:00","EDT","NORTH",61755,495.5
"06/25/2019 09:55:00","EDT","WEST",61752,1915
"06/25/2019 10:00:00","EDT","CAPITL",61757,1515.2
"06/25/2019 10:00:00","EDT","CENTRL",61754,2014.8
"06/25/2019 10:00:00","EDT","DUNWOD",61760,828.5
"06/25/2019 10:00:00","EDT","GENESE",61753,1353.9
"06/25/2019 10:00:00","EDT","HUD VL",61758,1195.2
"06/25/2019 10:00:00","EDT","LONGIL",61762,2893.6
"06/25/2019 10:00:00","EDT","MHK VL",61756,1005.6
"06/25/2019 10:00:00","EDT","MILLWD",61759,429.8
"06/25/2019 10:00:00","EDT","N.Y.C.",61761,7787.7
"06/25/2019 10:00:00","EDT","NORTH",61755,494
"06/25/2019 10:00:00","EDT","WEST",61752,1920.9
"06/25/2019 10:05:00","EDT","CAPITL",61757,1515.3
"06/25/2019 10:05:00","EDT","CENTRL",61754,2007.8
"06/25/2019 10:05:00","EDT","DUNWOD",61760,839.4
"06/25/2019 10:05:00","EDT","GENESE",61753,1356.8
"06/25/2019 10:05:00","EDT","HUD VL",61758,1213.3
"06/25/2019 10:05:00","EDT","LONGIL",61762,2897.3
"06/25/2019 10:05:00","EDT","MHK VL",61756,995.3
"06/25/2019 10:05:00","EDT","MILLWD",61759,427
"06/25/2019 10:05:00","EDT","N.Y.C.",61761,7784.3
"06/25/2019 10:05:00","EDT","NORTH",61755,501.9
"06/25/2019 10:05:00","EDT","WEST",61752,1932.1
"06/25/2019 10:10:00","EDT","CAPITL",61757,1511.8
"06/25/2019 10:10:00","EDT","CENTRL",61754,2011.4
"06/25/2019 10:10:00","EDT","DUNWOD",61760,831.7
"06/25/2019 10:10:00","EDT","GENESE",61753,1356.5
"06/25/2019 10:10:00","EDT","HUD VL",61758,1258.1
"06/25/2019 10:10:00","EDT","LONGIL",61762,2921.2
"06/25/2019 10:10:00","EDT","MHK VL",61756,1009.7
"06/25/2019 10:10:00","EDT","MILLWD",61759,432.5
"06/25/2019 10:10:00","EDT","N.Y.C.",61761,7800.3
"06/25/2019 10:10:00","EDT","NORTH",61755,495.2
"06/25/2019 10:10:00","EDT","WEST",61752,1907.9
"06/25/2019 10:15:00","EDT","CAPITL",61757,1524
"06/25/2019 10:15:00","EDT","CENTRL",61754,2023
"06/25/2019 10:15:00","EDT","DUNWOD",61760,843.8
"06/25/2019 10:15:00","EDT","GENESE",61753,1344.1
"06/25/2019 10:15:00","EDT","HUD VL",61758,1220.3
"06/25/2019 10:15:00","EDT","LONGIL",61762,2920.7
"06/25/2019 10:15:00","EDT","MHK VL",61756,1026.2
"06/25/2019 10:15:00","EDT","MILLWD",61759,428.6
"06/25/2019 10:15:00","EDT","N.Y.C.",61761,7791.6
"06/25/2019 10:15:00","EDT","NORTH",61755,494.7
"06/25/2019 10:15:00","EDT","WEST",61752,1927.1
"06/25/2019 10:20:00","EDT","CAPITL",61757,1517.4
"06/25/2019 10:20:00","EDT","CENTRL",61754,2036.3
"06/25/2019 10:20:00","EDT","DUNWOD",61760,845.4
"06/25/2019 10:20:00","EDT","GENESE",61753,1366.8
"06/25/2019 10:20:00","EDT","HUD VL",61758,1243.7
"06/25/2019 10:20:00","EDT","LONGIL",61762,2935.9
"06/25/2019 10:20:00","EDT","MHK VL",61756,1009.1
"06/25/2019 10:20:00","EDT","MILLWD",61759,423.4
"06/25/2019 10:20:00","EDT","N.Y.C.",61761,7810.7
"06/25/2019 10:20:00","EDT","NORTH",61755,505.8
"06/25/2019 10:20:00","EDT","WEST",61752,1906.6
"06/25/2019 10:25:00","EDT","CAPITL",61757,1520
"06/25/2019 10:25:00","EDT","CENTRL",61754,2045.2
"06/25/2019 10:25:00","EDT","DUNWOD",61760,835.9
"06/25/2019 10:25:00","EDT","GENESE",61753,1365.1
"06/25/2019 10:25:00","EDT","HUD VL",61758,1249.9
"06/25/2019 10:25:00","EDT","LONGIL",61762,2955.5
"06/25/2019 10:25:00","EDT","MHK VL",61756,1010.5
"06/25/2019 10:25:00","EDT","MILLWD",61759,426.1
"06/25/2019 10:25:00","EDT","N.Y.C.",61761,7835.4
"06/25/2019 10:25:00","EDT","NORTH",61755,503.6
"06/25/2019 10:25:00","EDT","WEST",61752,1940.5
"06/25/2019 10:30:00","EDT","CAPITL",61757,1531.3
"06/25/2019 10:30:00","EDT","CENTRL",61754,1997.8
"06/25/2019 10:30:00","EDT","DUNWOD",61760,846.9
"06/25/2019 10:30:00","EDT","GENESE",61753,1362.3
"06/25/2019 10:30:00","EDT","HUD VL",61758,1282
"06/25/2019 10:30:00","EDT","LONGIL",61762,2955.2
"06/25/2019 10:30:00","EDT","MHK VL",61756,1008.8
"06/25/2019 10:30:00","EDT","MILLWD",61759,415.8
"06/25/2019 10:30:00","EDT","N.Y.C.",61761,7872.9
"06/25/2019 10:30:00","EDT","NORTH",61755,503.1
"06/25/2019 10:30:00","EDT","WEST",61752,1923.6
"06/25/2019 10:35:00","EDT","CAPITL",61757,1537.5
"06/25/2019 10:35:00","EDT","CENTRL",61754,2046.1
"06/25/2019 10:35:00","EDT","DUNWOD",61760,837.6
"06/25/2019 10:35:00","EDT","GENESE",61753,1370.9
"06/25/2019 10:35:00","EDT","HUD VL",61758,1257.6
"06/25/2019 10:35:00","EDT","LONGIL",61762,2965.9
"06/25/2019 10:35:00","EDT","MHK VL",61756,980.4
"06/25/2019 10:35:00","EDT","MILLWD",61759,424.3
"06/25/2019 10:35:00","EDT","N.Y.C.",61761,7872.9
"06/25/2019 10:35:00","EDT","NORTH",61755,496.4
"06/25/2019 10:35:00","EDT","WEST",61752,1923
"06/25/2019 10:40:00","EDT","CAPITL",61757,1547.3
"06/25/2019 10:40:00","EDT","CENTRL",61754,2032.5
"06/25/2019 10:40:00","EDT","DUNWOD",61760,839.4
"06/25/2019 10:40:00","EDT","GENESE",61753,1374.8
"06/25/2019 10:40:00","EDT","HUD VL",61758,1268.6
"06/25/2019 10:40:00","EDT","LONGIL",61762,2962.9
"06/25/2019 10:40:00","EDT","MHK VL",61756,998.6
"06/25/2019 10:40:00","EDT","MILLWD",61759,433
"06/25/2019 10:40:00","EDT","N.Y.C.",61761,7881
"06/25/2019 10:40:00","EDT","NORTH",61755,500.4
"06/25/2019 10:40:00","EDT","WEST",61752,1960.2
"06/25/2019 10:45:00","EDT","CAPITL",61757,1555.1
"06/25/2019 10:45:00","EDT","CENTRL",61754,2058.8
"06/25/2019 10:45:00","EDT","DUNWOD",61760,843.6
"06/25/2019 10:45:00","EDT","GENESE",61753,1371
"06/25/2019 10:45:00","EDT","HUD VL",61758,1263.4
"06/25/2019 10:45:00","EDT","LONGIL",61762,2965.6
"06/25/2019 10:45:00","EDT","MHK VL",61756,989.5
"06/25/2019 10:45:00","EDT","MILLWD",61759,426.7
"06/25/2019 10:45:00","EDT","N.Y.C.",61761,7889.5
"06/25/2019 10:45:00","EDT","NORTH",61755,509.2
"06/25/2019 10:45:00","EDT","WEST",61752,1962.2
"06/25/2019 10:50:00","EDT","CAPITL",61757,1566.9
"06/25/2019 10:50:00","EDT","CENTRL",61754,2066.3
"06/25/2019 10:50:00","EDT","DUNWOD",61760,851.5
"06/25/2019 10:50:00","EDT","GENESE",61753,1383.6
"06/25/2019 10:50:00","EDT","HUD VL",61758,1248.9
"06/25/2019 10:50:00","EDT","LONGIL",61762,2978.4
"06/25/2019 10:50:00","EDT","MHK VL",61756,984.3
"06/25/2019 10:50:00","EDT","MILLWD",61759,423.5
"06/25/2019 10:50:00","EDT","N.Y.C.",61761,7892.4
"06/25/2019 10:50:00","EDT","NORTH",61755,511.7
"06/25/2019 10:50:00","EDT","WEST",61752,1968.4
"06/25/2019 10:55:00","EDT","CAPITL",61757,1575.6
"06/25/2019 10:55:00","EDT","CENTRL",61754,2060.9
"06/25/2019 10:55:00","EDT","DUNWOD",61760,832.6
"06/25/2019 10:55:00","EDT","GENESE",61753,1392.1
"06/25/2019 10:55:00","EDT","HUD VL",61758,1288.6
"06/25/2019 10:55:00","EDT","LONGIL",61762,2991
"06/25/2019 10:55:00","EDT","MHK VL",61756,991.8
"06/25/2019 10:55:00","EDT","MILLWD",61759,421
"06/25/2019 10:55:00","EDT","N.Y.C.",61761,7949.7
"06/25/2019 10:55:00","EDT","NORTH",61755,510.8
"06/25/2019 10:55:00","EDT","WEST",61752,1951.2
"06/25/2019 11:00:00","EDT","CAPITL",61757,1559.7
"06/25/2019 11:00:00","EDT","CENTRL",61754,2067.4
"06/25/2019 11:00:00","EDT","DUNWOD",61760,844.2
"06/25/2019 11:00:00","EDT","GENESE",61753,1392.9
"06/25/2019 11:00:00","EDT","HUD VL",61758,1294.6
"06/25/2019 11:00:00","EDT","LONGIL",61762,2986.2
"06/25/2019 11:00:00","EDT","MHK VL",61756,996.3
"06/25/2019 11:00:00","EDT","MILLWD",61759,422.2
"06/25/2019 11:00:00","EDT","N.Y.C.",61761,7929.1
"06/25/2019 11:00:00","EDT","NORTH",61755,506.3
"06/25/2019 11:00:00","EDT","WEST",61752,1962.7
"06/25/2019 11:05:00","EDT","CAPITL",61757,1577.3
"06/25/2019 11:05:00","EDT","CENTRL",61754,2071.1
"06/25/2019 11:05:00","EDT","DUNWOD",61760,845.7
"06/25/2019 11:05:00","EDT","GENESE",61753,1393.9
"06/25/2019 11:05:00","EDT","HUD VL",61758,1286.4
"06/25/2019 11:05:00","EDT","LONGIL",61762,3008.3
"06/25/2019 11:05:00","EDT","MHK VL",61756,998.8
"06/25/2019 11:05:00","EDT","MILLWD",61759,427.2
"06/25/2019 11:05:00","EDT","N.Y.C.",61761,7941.7
"06/25/2019 11:05:00","EDT","NORTH",61755,494.4
"06/25/2019 11:05:00","EDT","WEST",61752,1961.1
"06/25/2019 11:10:00","EDT","CAPITL",61757,1580.4
"06/25/2019 11:10:00","EDT","CENTRL",61754,2093
"06/25/2019 11:10:00","EDT","DUNWOD",61760,851.7
"06/25/2019 11:10:00","EDT","GENESE",61753,1398.2
"06/25/2019 11:10:00","EDT","HUD VL",61758,1298.6
"06/25/2019 11:10:00","EDT","LONGIL",61762,2994.5
"06/25/2019 11:10:00","EDT","MHK VL",61756,989.2
"06/25/2019 11:10:00","EDT","MILLWD",61759,420.6
"06/25/2019 11:10:00","EDT","N.Y.C.",61761,7946.2
"06/25/2019 11:10:00","EDT","NORTH",61755,503
"06/25/2019 11:10:00","EDT","WEST",61752,1955.9
"06/25/2019 11:15:00","EDT","CAPITL",61757,1596.6
"06/25/2019 11:15:00","EDT","CENTRL",61754,2092.8
"06/25/2019 11:15:00","EDT","DUNWOD",61760,853.2
"06/25/2019 11:15:00","EDT","GENESE",61753,1413.1
"06/25/2019 11:15:00","EDT","HUD VL",61758,1312.2
"06/25/2019 11:15:00","EDT","LONGIL",61762,2990.1
"06/25/2019 11:15:00","EDT","MHK VL",61756,975.1
"06/25/2019 11:15:00","EDT","MILLWD",61759,423.3
"06/25/2019 11:15:00","EDT","N.Y.C.",61761,7964.5
"06/25/2019 11:15:00","EDT","NORTH",61755,497.8
"06/25/2019 11:15:00","EDT","WEST",61752,1977
"06/25/2019 11:20:00","EDT","CAPITL",61757,1616.4
"06/25/2019 11:20:00","EDT","CENTRL",61754,2057
"06/25/2019 11:20:00","EDT","DUNWOD",61760,850.8
"06/25/2019 11:20:00","EDT","GENESE",61753,1396.4
"06/25/2019 11:20:00","EDT","HUD VL",61758,1317.4
"06/25/2019 11:20:00","EDT","LONGIL",61762,3003
"06/25/2019 11:20:00","EDT","MHK VL",61756,998.5
"06/25/2019 11:20:00","EDT","MILLWD",61759,423.4
"06/25/2019 11:20:00","EDT","N.Y.C.",61761,7973.1
"06/25/2019 11:20:00","EDT","NORTH",61755,507.5
"06/25/2019 11:20:00","EDT","WEST",61752,1964.8
"06/25/2019 11:25:00","EDT","CAPITL",61757,1575.3
"06/25/2019 11:25:00","EDT","CENTRL",61754,2065.4
"06/25/2019 11:25:00","EDT","DUNWOD",61760,844.6
"06/25/2019 11:25:00","EDT","GENESE",61753,1404.4
"06/25/2019 11:25:00","EDT","HUD VL",61758,1314.5
"06/25/2019 11:25:00","EDT","LONGIL",61762,2990.7
"06/25/2019 11:25:00","EDT","MHK VL",61756,1001.8
"06/25/2019 11:25:00","EDT","MILLWD",61759,423.7
"06/25/2019 11:25:00","EDT","N.Y.C.",61761,7983.1
"06/25/2019 11:25:00","EDT","NORTH",61755,501.7
"06/25/2019 11:25:00","EDT","WEST",61752,1986.6
"06/25/2019 11:30:00","EDT","CAPITL",61757,1578.3
"06/25/2019 11:30:00","EDT","CENTRL",61754,2110.7
"06/25/2019 11:30:00","EDT","DUNWOD",61760,846.6
"06/25/2019 11:30:00","EDT","GENESE",61753,1406.7
"06/25/2019 11:30:00","EDT","HUD VL",61758,1300
"06/25/2019 11:30:00","EDT","LONGIL",61762,2998.2
"06/25/2019 11:30:00","EDT","MHK VL",61756,1006.6
"06/25/2019 11:30:00","EDT","MILLWD",61759,433.3
"06/25/2019 11:30:00","EDT","N.Y.C.",61761,8009.3
"06/25/2019 11:30:00","EDT","NORTH",61755,503
"06/25/2019 11:30:00","EDT","WEST",61752,1978.3
"06/25/2019 11:35:00","EDT","CAPITL",61757,1581.7
"06/25/2019 11:35:00","EDT","CENTRL",61754,2093
"06/25/2019 11:35:00","EDT","DUNWOD",61760,851.3
"06/25/2019 11:35:00","EDT","GENESE",61753,1399.6
"06/25/2019 11:35:00","EDT","HUD VL",61758,1304.9
"06/25/2019 11:35:00","EDT","LONGIL",61762,3010.3
"06/25/2019 11:35:00","EDT","MHK VL",61756,1005.4
"06/25/2019 11:35:00","EDT","MILLWD",61759,418.3
"06/25/2019 11:35:00","EDT","N.Y.C.",61761,7992.8
"06/25/2019 11:35:00","EDT","NORTH",61755,495.3
"06/25/2019 11:35:00","EDT","WEST",61752,1988
"06/25/2019 11:35:49","EDT","CAPITL",61757,1577.6
"06/25/2019 11:35:49","EDT","CENTRL",61754,2094.4
"06/25/2019 11:35:49","EDT","DUNWOD",61760,842.8
"06/25/2019 11:35:49","EDT","GENESE",61753,1401.8
"06/25/2019 11:35:49","EDT","HUD VL",61758,1298.8
"06/25/2019 11:35:49","EDT","LONGIL",61762,3001.1
"06/25/2019 11:35:49","EDT","MHK VL",61756,1003.3
"06/25/2019 11:35:49","EDT","MILLWD",61759,431.3
"06/25/2019 11:35:49","EDT","N.Y.C.",61761,8029.9
"06/25/2019 11:35:49","EDT","NORTH",61755,502.5
"06/25/2019 11:35:49","EDT","WEST",61752,2010.6
"06/25/2019 11:38:19","EDT","CAPITL",61757,1577.5
"06/25/2019 11:38:19","EDT","CENTRL",61754,2112.9
"06/25/2019 11:38:19","EDT","DUNWOD",61760,851.7
"06/25/2019 11:38:19","EDT","GENESE",61753,1404.1
"06/25/2019 11:38:19","EDT","HUD VL",61758,1307.6
"06/25/2019 11:38:19","EDT","LONGIL",61762,2988.2
"06/25/2019 11:38:19","EDT","MHK VL",61756,1005.2
"06/25/2019 11:38:19","EDT","MILLWD",61759,425.2
"06/25/2019 11:38:19","EDT","N.Y.C.",61761,8039.2
"06/25/2019 11:38:19","EDT","NORTH",61755,516.5
"06/25/2019 11:38:19","EDT","WEST",61752,2012
"06/25/2019 11:40:00","EDT","CAPITL",61757,1576.8
"06/25/2019 11:40:00","EDT","CENTRL",61754,2131.7
"06/25/2019 11:40:00","EDT","DUNWOD",61760,864.6
"06/25/2019 11:40:00","EDT","GENESE",61753,1410.4
"06/25/2019 11:40:00","EDT","HUD VL",61758,1322.8
"06/25/2019 11:40:00","EDT","LONGIL",61762,2991.7
"06/25/2019 11:40:00","EDT","MHK VL",61756,989.9
"06/25/2019 11:40:00","EDT","MILLWD",61759,415.6
"06/25/2019 11:40:00","EDT","N.Y.C.",61761,8028
"06/25/2019 11:40:00","EDT","NORTH",61755,507.6
"06/25/2019 11:40:00","EDT","WEST",61752,2016.1
"06/25/2019 11:45:00","EDT","CAPITL",61757,1573.3
"06/25/2019 11:45:00","EDT","CENTRL",61754,2087.6
"06/25/2019 11:45:00","EDT","DUNWOD",61760,867.3
"06/25/2019 11:45:00","EDT","GENESE",61753,1413.3
"06/25/2019 11:45:00","EDT","HUD VL",61758,1308.1
"06/25/2019 11:45:00","EDT","LONGIL",61762,3009.5
"06/25/2019 11:45:00","EDT","MHK VL",61756,1001.9
"06/25/2019 11:45:00","EDT","MILLWD",61759,428.5
"06/25/2019 11:45:00","EDT","N.Y.C.",61761,8043.2
"06/25/2019 11:45:00","EDT","NORTH",61755,515.7
"06/25/2019 11:45:00","EDT","WEST",61752,2007.6
"06/25/2019 11:46:25","EDT","CAPITL",61757,1574.8
"06/25/2019 11:46:25","EDT","CENTRL",61754,2132.6
"06/25/2019 11:46:25","EDT","DUNWOD",61760,858.2
"06/25/2019 11:46:25","EDT","GENESE",61753,1405.7
"06/25/2019 11:46:25","EDT","HUD VL",61758,1314.4
"06/25/2019 11:46:25","EDT","LONGIL",61762,3019.3
"06/25/2019 11:46:25","EDT","MHK VL",61756,1004.7
"06/25/2019 11:46:25","EDT","MILLWD",61759,423.6
"06/25/2019 11:46:25","EDT","N.Y.C.",61761,8055.8
"06/25/2019 11:46:25","EDT","NORTH",61755,510.4
"06/25/2019 11:46:25","EDT","WEST",61752,2000.1
"06/25/2019 11:50:00","EDT","CAPITL",61757,1573.8
"06/25/2019 11:50:00","EDT","CENTRL",61754,2120.5
"06/25/2019 11:50:00","EDT","DUNWOD",61760,857.3
"06/25/2019 11:50:00","EDT","GENESE",61753,1416.4
"06/25/2019 11:50:00","EDT","HUD VL",61758,1297.4
"06/25/2019 11:50:00","EDT","LONGIL",61762,3007.2
"06/25/2019 11:50:00","EDT","MHK VL",61756,1009.3
"06/25/2019 11:50:00","EDT","MILLWD",61759,425.5
"06/25/2019 11:50:00","EDT","N.Y.C.",61761,8077.8
"06/25/2019 11:50:00","EDT","NORTH",61755,510.9
"06/25/2019 11:50:00","EDT","WEST",61752,1999.3
"06/25/2019 11:55:00","EDT","CAPITL",61757,1580.5
"06/25/2019 11:55:00","EDT","CENTRL",61754,2127.9
"06/25/2019 11:55:00","EDT","DUNWOD",61760,865.2
"06/25/2019 11:55:00","EDT","GENESE",61753,1415.5
"06/25/2019 11:55:00","EDT","HUD VL",61758,1311.1
"06/25/2019 11:55:00","EDT","LONGIL",61762,3017.4
"06/25/2019 11:55:00","EDT","MHK VL",61756,999.5
"06/25/2019 11:55:00","EDT","MILLWD",61759,420.3
"06/25/2019 11:55:00","EDT","N.Y.C.",61761,8063.8
"06/25/2019 11:55:00","EDT","NORTH",61755,478.9
"06/25/2019 11:55:00","EDT","WEST",61752,2015.4
"06/25/2019 11:57:01","EDT","CAPITL",61757,1581.2
"06/25/2019 11:57:01","EDT","CENTRL",61754,2125.3
"06/25/2019 11:57:01","EDT","DUNWOD",61760,857.3
"06/25/2019 11:57:01","EDT","GENESE",61753,1415.1
"06/25/2019 11:57:01","EDT","HUD VL",61758,1295.7
"06/25/2019 11:57:01","EDT","LONGIL",61762,3010.7
"06/25/2019 11:57:01","EDT","MHK VL",61756,998.6
"06/25/2019 11:57:01","EDT","MILLWD",61759,429.6
"06/25/2019 11:57:01","EDT","N.Y.C.",61761,8086.8
"06/25/2019 11:57:01","EDT","NORTH",61755,514.2
"06/25/2019 11:57:01","EDT","WEST",61752,1999.5
"06/25/2019 12:00:00","EDT","CAPITL",61757,1573.6
"06/25/2019 12:00:00","EDT","CENTRL",61754,2138.3
"06/25/2019 12:00:00","EDT","DUNWOD",61760,855.2
"06/25/2019 12:00:00","EDT","GENESE",61753,1405.6
"06/25/2019 12:00:00","EDT","HUD VL",61758,1284.3
"06/25/2019 12:00:00","EDT","LONGIL",61762,3018.1
"06/25/2019 12:00:00","EDT","MHK VL",61756,998.3
"06/25/2019 12:00:00","EDT","MILLWD",61759,435.4
"06/25/2019 12:00:00","EDT","N.Y.C.",61761,8115.7
"06/25/2019 12:00:00","EDT","NORTH",61755,509.9
"06/25/2019 12:00:00","EDT","WEST",61752,2000.6
"06/25/2019 12:05:00","EDT","CAPITL",61757,1560.3
"06/25/2019 12:05:00","EDT","CENTRL",61754,2147.1
"06/25/2019 12:05:00","EDT","DUNWOD",61760,857.5
"06/25/2019 12:05:00","EDT","GENESE",61753,1399.1
"06/25/2019 12:05:00","EDT","HUD VL",61758,1287.9
"06/25/2019 12:05:00","EDT","LONGIL",61762,3009.5
"06/25/2019 12:05:00","EDT","MHK VL",61756,998.5
"06/25/2019 12:05:00","EDT","MILLWD",61759,432.1
"06/25/2019 12:05:00","EDT","N.Y.C.",61761,8135.3
"06/25/2019 12:05:00","EDT","NORTH",61755,500.9
"06/25/2019 12:05:00","EDT","WEST",61752,2006.9
"06/25/2019 12:10:00","EDT","CAPITL",61757,1552.1
"06/25/2019 12:10:00","EDT","CENTRL",61754,2171.3
"06/25/2019 12:10:00","EDT","DUNWOD",61760,862.2
"06/25/2019 12:10:00","EDT","GENESE",61753,1394.1
"06/25/2019 12:10:00","EDT","HUD VL",61758,1278.4
"06/25/2019 12:10:00","EDT","LONGIL",61762,3022.5
"06/25/2019 12:10:00","EDT","MHK VL",61756,985.3
"06/25/2019 12:10:00","EDT","MILLWD",61759,430
"06/25/2019 12:10:00","EDT","N.Y.C.",61761,8126.7
"06/25/2019 12:10:00","EDT","NORTH",61755,512
"06/25/2019 12:10:00","EDT","WEST",61752,2001.3
"06/25/2019 12:15:00","EDT","CAPITL",61757,1562.3
"06/25/2019 12:15:00","EDT","CENTRL",61754,2138.5
"06/25/2019 12:15:00","EDT","DUNWOD",61760,857.5
"06/25/2019 12:15:00","EDT","GENESE",61753,1410.2
"06/25/2019 12:15:00","EDT","HUD VL",61758,1283
"06/25/2019 12:15:00","EDT","LONGIL",61762,3007.2
"06/25/2019 12:15:00","EDT","MHK VL",61756,1010.4
"06/25/2019 12:15:00","EDT","MILLWD",61759,430.5
"06/25/2019 12:15:00","EDT","N.Y.C.",61761,8143.3
"06/25/2019 12:15:00","EDT","NORTH",61755,503.4
"06/25/2019 12:15:00","EDT","WEST",61752,1994.7
"06/25/2019 12:20:00","EDT","CAPITL",61757,1551
"06/25/2019 12:20:00","EDT","CENTRL",61754,2122
"06/25/2019 12:20:00","EDT","DUNWOD",61760,853.1
"06/25/2019 12:20:00","EDT","GENESE",61753,1397.8
"06/25/2019 12:20:00","EDT","HUD VL",61758,1282.2
"06/25/2019 12:20:00","EDT","LONGIL",61762,3019.6
"06/25/2019 12:20:00","EDT","MHK VL",61756,995.9
"06/25/2019 12:20:00","EDT","MILLWD",61759,451.3
"06/25/2019 12:20:00","EDT","N.Y.C.",61761,8131.8
"06/25/2019 12:20:00","EDT","NORTH",61755,508.1
"06/25/2019 12:20:00","EDT","WEST",61752,2010.9
"06/25/2019 12:25:00","EDT","CAPITL",61757,1554.5
"06/25/2019 12:25:00","EDT","CENTRL",61754,2139.2
"06/25/2019 12:25:00","EDT","DUNWOD",61760,842.7
"06/25/2019 12:25:00","EDT","GENESE",61753,1405.8
"06/25/2019 12:25:00","EDT","HUD VL",61758,1285.2
"06/25/2019 12:25:00","EDT","LONGIL",61762,3023
"06/25/2019 12:25:00","EDT","MHK VL",61756,1003.3
"06/25/2019 12:25:00","EDT","MILLWD",61759,437.3
"06/25/2019 12:25:00","EDT","N.Y.C.",61761,8185.8
"06/25/2019 12:25:00","EDT","NORTH",61755,508.1
"06/25/2019 12:25:00","EDT","WEST",61752,2000.3
"06/25/2019 12:30:00","EDT","CAPITL",61757,1552.8
"06/25/2019 12:30:00","EDT","CENTRL",61754,2144.8
"06/25/2019 12:30:00","EDT","DUNWOD",61760,864.2
"06/25/2019 12:30:00","EDT","GENESE",61753,1414.2
"06/25/2019 12:30:00","EDT","HUD VL",61758,1288.6
"06/25/2019 12:30:00","EDT","LONGIL",61762,3026
"06/25/2019 12:30:00","EDT","MHK VL",61756,1013.3
"06/25/2019 12:30:00","EDT","MILLWD",61759,442.7
"06/25/2019 12:30:00","EDT","N.Y.C.",61761,8202
"06/25/2019 12:30:00","EDT","NORTH",61755,506.3
"06/25/2019 12:30:00","EDT","WEST",61752,1996.1
"06/25/2019 12:35:00","EDT","CAPITL",61757,1554.1
"06/25/2019 12:35:00","EDT","CENTRL",61754,2139.2
"06/25/2019 12:35:00","EDT","DUNWOD",61760,868
"06/25/2019 12:35:00","EDT","GENESE",61753,1403.5
"06/25/2019 12:35:00","EDT","HUD VL",61758,1284.8
"06/25/2019 12:35:00","EDT","LONGIL",61762,2999
"06/25/2019 12:35:00","EDT","MHK VL",61756,1015.5
"06/25/2019 12:35:00","EDT","MILLWD",61759,441.5
"06/25/2019 12:35:00","EDT","N.Y.C.",61761,8224.5
"06/25/2019 12:35:00","EDT","NORTH",61755,511.5
"06/25/2019 12:35:00","EDT","WEST",61752,2006.8
"06/25/2019 12:40:00","EDT","CAPITL",61757,1544.8
"06/25/2019 12:40:00","EDT","CENTRL",61754,2161.9
"06/25/2019 12:40:00","EDT","DUNWOD",61760,862.4
"06/25/2019 12:40:00","EDT","GENESE",61753,1417.9
"06/25/2019 12:40:00","EDT","HUD VL",61758,1300.3
"06/25/2019 12:40:00","EDT","LONGIL",61762,3010.8
"06/25/2019 12:40:00","EDT","MHK VL",61756,1018.7
"06/25/2019 12:40:00","EDT","MILLWD",61759,428.8
"06/25/2019 12:40:00","EDT","N.Y.C.",61761,8294.3
"06/25/2019 12:40:00","EDT","NORTH",61755,496.9
"06/25/2019 12:40:00","EDT","WEST",61752,1994.5
"06/25/2019 12:45:00","EDT","CAPITL",61757,1547.3
"06/25/2019 12:45:00","EDT","CENTRL",61754,2151.8
"06/25/2019 12:45:00","EDT","DUNWOD",61760,871.2
"06/25/2019 12:45:00","EDT","GENESE",61753,1420.3
"06/25/2019 12:45:00","EDT","HUD VL",61758,1276.3
"06/25/2019 12:45:00","EDT","LONGIL",61762,3031.9
"06/25/2019 12:45:00","EDT","MHK VL",61756,1015.9
"06/25/2019 12:45:00","EDT","MILLWD",61759,434.7
"06/25/2019 12:45:00","EDT","N.Y.C.",61761,8276.2
"06/25/2019 12:45:00","EDT","NORTH",61755,500.7
"06/25/2019 12:45:00","EDT","WEST",61752,2006.5
"06/25/2019 12:50:00","EDT","CAPITL",61757,1537.5
"06/25/2019 12:50:00","EDT","CENTRL",61754,2181
"06/25/2019 12:50:00","EDT","DUNWOD",61760,856.9
"06/25/2019 12:50:00","EDT","GENESE",61753,1411.4
"06/25/2019 12:50:00","EDT","HUD VL",61758,1302.9
"06/25/2019 12:50:00","EDT","LONGIL",61762,3019.6
"06/25/2019 12:50:00","EDT","MHK VL",61756,1009.6
"06/25/2019 12:50:00","EDT","MILLWD",61759,428.7
"06/25/2019 12:50:00","EDT","N.Y.C.",61761,8264.4
"06/25/2019 12:50:00","EDT","NORTH",61755,507.8
"06/25/2019 12:50:00","EDT","WEST",61752,2005.4
"06/25/2019 12:55:00","EDT","CAPITL",61757,1548.8
"06/25/2019 12:55:00","EDT","CENTRL",61754,2200.9
"06/25/2019 12:55:00","EDT","DUNWOD",61760,864.8
"06/25/2019 12:55:00","EDT","GENESE",61753,1411.4
"06/25/2019 12:55:00","EDT","HUD VL",61758,1301.8
"06/25/2019 12:55:00","EDT","LONGIL",61762,3026.9
"06/25/2019 12:55:00","EDT","MHK VL",61756,1007.5
"06/25/2019 12:55:00","EDT","MILLWD",61759,432.4
"06/25/2019 12:55:00","EDT","N.Y.C.",61761,8262.3
"06/25/2019 12:55:00","EDT","NORTH",61755,514.9
"06/25/2019 12:55:00","EDT","WEST",61752,1989.3
"06/25/2019 13:00:00","EDT","CAPITL",61757,1524.4
"06/25/2019 13:00:00","EDT","CENTRL",61754,2208.8
"06/25/2019 13:00:00","EDT","DUNWOD",61760,872.8
"06/25/2019 13:00:00","EDT","GENESE",61753,1418.8
"06/25/2019 13:00:00","EDT","HUD VL",61758,1313
"06/25/2019 13:00:00","EDT","LONGIL",61762,3020.3
"06/25/2019 13:00:00","EDT","MHK VL",61756,1012.9
"06/25/2019 13:00:00","EDT","MILLWD",61759,430.7
"06/25/2019 13:00:00","EDT","N.Y.C.",61761,8268.4
"06/25/2019 13:00:00","EDT","NORTH",61755,488.3
"06/25/2019 13:00:00","EDT","WEST",61752,2011
"06/25/2019 13:05:00","EDT","CAPITL",61757,1532.8
"06/25/2019 13:05:00","EDT","CENTRL",61754,2188.4
"06/25/2019 13:05:00","EDT","DUNWOD",61760,866
"06/25/2019 13:05:00","EDT","GENESE",61753,1420.7
"06/25/2019 13:05:00","EDT","HUD VL",61758,1311.7
"06/25/2019 13:05:00","EDT","LONGIL",61762,2997.5
"06/25/2019 13:05:00","EDT","MHK VL",61756,1015.6
"06/25/2019 13:05:00","EDT","MILLWD",61759,445.4
"06/25/2019 13:05:00","EDT","N.Y.C.",61761,8300.1
"06/25/2019 13:05:00","EDT","NORTH",61755,505.6
"06/25/2019 13:05:00","EDT","WEST",61752,2037.7
"06/25/2019 13:10:00","EDT","CAPITL",61757,1531.2
"06/25/2019 13:10:00","EDT","CENTRL",61754,2134
"06/25/2019 13:10:00","EDT","DUNWOD",61760,871.6
"06/25/2019 13:10:00","EDT","GENESE",61753,1430.1
"06/25/2019 13:10:00","EDT","HUD VL",61758,1305
"06/25/2019 13:10:00","EDT","LONGIL",61762,3006
"06/25/2019 13:10:00","EDT","MHK VL",61756,1031.9
"06/25/2019 13:10:00","EDT","MILLWD",61759,429.8
"06/25/2019 13:10:00","EDT","N.Y.C.",61761,8314.7
"06/25/2019 13:10:00","EDT","NORTH",61755,505.9
"06/25/2019 13:10:00","EDT","WEST",61752,2031.7
"06/25/2019 13:15:00","EDT","CAPITL",61757,1531.9
"06/25/2019 13:15:00","EDT","CENTRL",61754,2178.9
"06/25/2019 13:15:00","EDT","DUNWOD",61760,866.9
"06/25/2019 13:15:00","EDT","GENESE",61753,1430.9
"06/25/2019 13:15:00","EDT","HUD VL",61758,1320.8
"06/25/2019 13:15:00","EDT","LONGIL",61762,3002.8
"06/25/2019 13:15:00","EDT","MHK VL",61756,1037.5
"06/25/2019 13:15:00","EDT","MILLWD",61759,440.8
"06/25/2019 13:15:00","EDT","N.Y.C.",61761,8343.1
"06/25/2019 13:15:00","EDT","NORTH",61755,500.4
"06/25/2019 13:15:00","EDT","WEST",61752,2051.5
"06/25/2019 13:20:00","EDT","CAPITL",61757,1533.7
"06/25/2019 13:20:00","EDT","CENTRL",61754,2179.6
"06/25/2019 13:20:00","EDT","DUNWOD",61760,869
"06/25/2019 13:20:00","EDT","GENESE",61753,1430.4
"06/25/2019 13:20:00","EDT","HUD VL",61758,1336.3
"06/25/2019 13:20:00","EDT","LONGIL",61762,2998.4
"06/25/2019 13:20:00","EDT","MHK VL",61756,1038.3
"06/25/2019 13:20:00","EDT","MILLWD",61759,431.9
"06/25/2019 13:20:00","EDT","N.Y.C.",61761,8339.4
"06/25/2019 13:20:00","EDT","NORTH",61755,495.4
"06/25/2019 13:20:00","EDT","WEST",61752,2027.5
"06/25/2019 13:25:00","EDT","CAPITL",61757,1548.3
"06/25/2019 13:25:00","EDT","CENTRL",61754,2187.4
"06/25/2019 13:25:00","EDT","DUNWOD",61760,870.1
"06/25/2019 13:25:00","EDT","GENESE",61753,1435.4
"06/25/2019 13:25:00","EDT","HUD VL",61758,1339.7
"06/25/2019 13:25:00","EDT","LONGIL",61762,3023.3
"06/25/2019 13:25:00","EDT","MHK VL",61756,1027.5
"06/25/2019 13:25:00","EDT","MILLWD",61759,429.6
"06/25/2019 13:25:00","EDT","N.Y.C.",61761,8386.7
"06/25/2019 13:25:00","EDT","NORTH",61755,505.6
"06/25/2019 13:25:00","EDT","WEST",61752,2049.3
"06/25/2019 13:30:00","EDT","CAPITL",61757,1542.2
"06/25/2019 13:30:00","EDT","CENTRL",61754,2190.7
"06/25/2019 13:30:00","EDT","DUNWOD",61760,861.2
"06/25/2019 13:30:00","EDT","GENESE",61753,1430.9
"06/25/2019 13:30:00","EDT","HUD VL",61758,1335.5
"06/25/2019 13:30:00","EDT","LONGIL",61762,3027.2
"06/25/2019 13:30:00","EDT","MHK VL",61756,1029.7
"06/25/2019 13:30:00","EDT","MILLWD",61759,429.1
"06/25/2019 13:30:00","EDT","N.Y.C.",61761,8411.5
"06/25/2019 13:30:00","EDT","NORTH",61755,503.4
"06/25/2019 13:30:00","EDT","WEST",61752,2033.5
"06/25/2019 13:35:00","EDT","CAPITL",61757,1545.2
"06/25/2019 13:35:00","EDT","CENTRL",61754,2183.5
"06/25/2019 13:35:00","EDT","DUNWOD",61760,868.4
"06/25/2019 13:35:00","EDT","GENESE",61753,1428.7
"06/25/2019 13:35:00","EDT","HUD VL",61758,1320.9
"06/25/2019 13:35:00","EDT","LONGIL",61762,3043.4
"06/25/2019 13:35:00","EDT","MHK VL",61756,1049.2
"06/25/2019 13:35:00","EDT","MILLWD",61759,445.5
"06/25/2019 13:35:00","EDT","N.Y.C.",61761,8463.5
"06/25/2019 13:35:00","EDT","NORTH",61755,500.5
"06/25/2019 13:35:00","EDT","WEST",61752,2053.3
"06/25/2019 13:40:00","EDT","CAPITL",61757,1531.5
"06/25/2019 13:40:00","EDT","CENTRL",61754,2190.1
"06/25/2019 13:40:00","EDT","DUNWOD",61760,876.5
"06/25/2019 13:40:00","EDT","GENESE",61753,1438.3
"06/25/2019 13:40:00","EDT","HUD VL",61758,1324.9
"06/25/2019 13:40:00","EDT","LONGIL",61762,3045.2
"06/25/2019 13:40:00","EDT","MHK VL",61756,1050.1
"06/25/2019 13:40:00","EDT","MILLWD",61759,439.4
"06/25/2019 13:40:00","EDT","N.Y.C.",61761,8468.9
"06/25/2019 13:40:00","EDT","NORTH",61755,496.8
"06/25/2019 13:40:00","EDT","WEST",61752,2033.2
"06/25/2019 13:45:00","EDT","CAPITL",61757,1539.5
"06/25/2019 13:45:00","EDT","CENTRL",61754,2182.8
"06/25/2019 13:45:00","EDT","DUNWOD",61760,878.9
"06/25/2019 13:45:00","EDT","GENESE",61753,1437.4
"06/25/2019 13:45:00","EDT","HUD VL",61758,1338.1
"06/25/2019 13:45:00","EDT","LONGIL",61762,3036.7
"06/25/2019 13:45:00","EDT","MHK VL",61756,1044
"06/25/2019 13:45:00","EDT","MILLWD",61759,438.4
"06/25/2019 13:45:00","EDT","N.Y.C.",61761,8429.1
"06/25/2019 13:45:00","EDT","NORTH",61755,510.2
"06/25/2019 13:45:00","EDT","WEST",61752,2043.9
"06/25/2019 13:50:00","EDT","CAPITL",61757,1559
"06/25/2019 13:50:00","EDT","CENTRL",61754,2196.7
"06/25/2019 13:50:00","EDT","DUNWOD",61760,879
"06/25/2019 13:50:00","EDT","GENESE",61753,1431.2
"06/25/2019 13:50:00","EDT","HUD VL",61758,1351.8
"06/25/2019 13:50:00","EDT","LONGIL",61762,3067.7
"06/25/2019 13:50:00","EDT","MHK VL",61756,1053.3
"06/25/2019 13:50:00","EDT","MILLWD",61759,438.9
"06/25/2019 13:50:00","EDT","N.Y.C.",61761,8472.3
"06/25/2019 13:50:00","EDT","NORTH",61755,505.2
"06/25/2019 13:50:00","EDT","WEST",61752,2054.7
"06/25/2019 13:55:00","EDT","CAPITL",61757,1553.3
"06/25/2019 13:55:00","EDT","CENTRL",61754,2210.7
"06/25/2019 13:55:00","EDT","DUNWOD",61760,874.3
"06/25/2019 13:55:00","EDT","GENESE",61753,1431.1
"06/25/2019 13:55:00","EDT","HUD VL",61758,1334.4
"06/25/2019 13:55:00","EDT","LONGIL",61762,3068.6
"06/25/2019 13:55:00","EDT","MHK VL",61756,1042.1
"06/25/2019 13:55:00","EDT","MILLWD",61759,436
"06/25/2019 13:55:00","EDT","N.Y.C.",61761,8495.8
"06/25/2019 13:55:00","EDT","NORTH",61755,516.3
"06/25/2019 13:55:00","EDT","WEST",61752,2065
"06/25/2019 14:00:00","EDT","CAPITL",61757,1566.7
"06/25/2019 14:00:00","EDT","CENTRL",61754,2179.3
"06/25/2019 14:00:00","EDT","DUNWOD",61760,880.8
"06/25/2019 14:00:00","EDT","GENESE",61753,1418.5
"06/25/2019 14:00:00","EDT","HUD VL",61758,1341.7
"06/25/2019 14:00:00","EDT","LONGIL",61762,3089.3
"06/25/2019 14:00:00","EDT","MHK VL",61756,1049.9
"06/25/2019 14:00:00","EDT","MILLWD",61759,439.1
"06/25/2019 14:00:00","EDT","N.Y.C.",61761,8456
"06/25/2019 14:00:00","EDT","NORTH",61755,508
"06/25/2019 14:00:00","EDT","WEST",61752,2070.8
"06/25/2019 14:05:00","EDT","CAPITL",61757,1576.2
"06/25/2019 14:05:00","EDT","CENTRL",61754,2180.8
"06/25/2019 14:05:00","EDT","DUNWOD",61760,883.2
"06/25/2019 14:05:00","EDT","GENESE",61753,1423.8
"06/25/2019 14:05:00","EDT","HUD VL",61758,1360.2
"06/25/2019 14:05:00","EDT","LONGIL",61762,3080.6
"06/25/2019 14:05:00","EDT","MHK VL",61756,1049.7
"06/25/2019 14:05:00","EDT","MILLWD",61759,422.9
"06/25/2019 14:05:00","EDT","N.Y.C.",61761,8458.8
"06/25/2019 14:05:00","EDT","NORTH",61755,502.1
"06/25/2019 14:05:00","EDT","WEST",61752,2038.1
"06/25/2019 14:10:00","EDT","CAPITL",61757,1573.6
"06/25/2019 14:10:00","EDT","CENTRL",61754,2178.1
"06/25/2019 14:10:00","EDT","DUNWOD",61760,888.9
"06/25/2019 14:10:00","EDT","GENESE",61753,1422.2
"06/25/2019 14:10:00","EDT","HUD VL",61758,1354.6
"06/25/2019 14:10:00","EDT","LONGIL",61762,3094.5
"06/25/2019 14:10:00","EDT","MHK VL",61756,1049.2
"06/25/2019 14:10:00","EDT","MILLWD",61759,436.9
"06/25/2019 14:10:00","EDT","N.Y.C.",61761,8489.2
"06/25/2019 14:10:00","EDT","NORTH",61755,502.4
"06/25/2019 14:10:00","EDT","WEST",61752,2049.6
"06/25/2019 14:15:00","EDT","CAPITL",61757,1570.5
"06/25/2019 14:15:00","EDT","CENTRL",61754,2183.2
"06/25/2019 14:15:00","EDT","DUNWOD",61760,889.4
"06/25/2019 14:15:00","EDT","GENESE",61753,1435.5
"06/25/2019 14:15:00","EDT","HUD VL",61758,1369
"06/25/2019 14:15:00","EDT","LONGIL",61762,3110.3
"06/25/2019 14:15:00","EDT","MHK VL",61756,1060.4
"06/25/2019 14:15:00","EDT","MILLWD",61759,430.2
"06/25/2019 14:15:00","EDT","N.Y.C.",61761,8435.9
"06/25/2019 14:15:00","EDT","NORTH",61755,509.3
"06/25/2019 14:15:00","EDT","WEST",61752,2054.5
"06/25/2019 14:20:00","EDT","CAPITL",61757,1579.4
"06/25/2019 14:20:00","EDT","CENTRL",61754,2213.5
"06/25/2019 14:20:00","EDT","DUNWOD",61760,907.2
"06/25/2019 14:20:00","EDT","GENESE",61753,1419.6
"06/25/2019 14:20:00","EDT","HUD VL",61758,1364
"06/25/2019 14:20:00","EDT","LONGIL",61762,3111.5
"06/25/2019 14:20:00","EDT","MHK VL",61756,1058.7
"06/25/2019 14:20:00","EDT","MILLWD",61759,421.8
"06/25/2019 14:20:00","EDT","N.Y.C.",61761,8485.3
"06/25/2019 14:20:00","EDT","NORTH",61755,504.5
"06/25/2019 14:20:00","EDT","WEST",61752,2049.3
"06/25/2019 14:25:00","EDT","CAPITL",61757,1579.9
"06/25/2019 14:25:00","EDT","CENTRL",61754,2203.3
"06/25/2019 14:25:00","EDT","DUNWOD",61760,897.9
"06/25/2019 14:25:00","EDT","GENESE",61753,1433.9
"06/25/2019 14:25:00","EDT","HUD VL",61758,1370.9
"06/25/2019 14:25:00","EDT","LONGIL",61762,3127.4
"06/25/2019 14:25:00","EDT","MHK VL",61756,1054
"06/25/2019 14:25:00","EDT","MILLWD",61759,426.4
"06/25/2019 14:25:00","EDT","N.Y.C.",61761,8444.7
"06/25/2019 14:25:00","EDT","NORTH",61755,502
"06/25/2019 14:25:00","EDT","WEST",61752,2055.3
"06/25/2019 14:30:00","EDT","CAPITL",61757,1579.5
"06/25/2019 14:30:00","EDT","CENTRL",61754,2213.8
"06/25/2019 14:30:00","EDT","DUNWOD",61760,901.2
"06/25/2019 14:30:00","EDT","GENESE",61753,1433
"06/25/2019 14:30:00","EDT","HUD VL",61758,1382.2
"06/25/2019 14:30:00","EDT","LONGIL",61762,3128.4
"06/25/2019 14:30:00","EDT","MHK VL",61756,1054.9
"06/25/2019 14:30:00","EDT","MILLWD",61759,427.2
"06/25/2019 14:30:00","EDT","N.Y.C.",61761,8482.1
"06/25/2019 14:30:00","EDT","NORTH",61755,510.1
"06/25/2019 14:30:00","EDT","WEST",61752,2060.5
"06/25/2019 14:35:00","EDT","CAPITL",61757,1583.7
"06/25/2019 14:35:00","EDT","CENTRL",61754,2210.6
"06/25/2019 14:35:00","EDT","DUNWOD",61760,887.5
"06/25/2019 14:35:00","EDT","GENESE",61753,1424.7
"06/25/2019 14:35:00","EDT","HUD VL",61758,1381.1
"06/25/2019 14:35:00","EDT","LONGIL",61762,3125.9
"06/25/2019 14:35:00","EDT","MHK VL",61756,1058.2
"06/25/2019 14:35:00","EDT","MILLWD",61759,427.1
"06/25/2019 14:35:00","EDT","N.Y.C.",61761,8467.3
"06/25/2019 14:35:00","EDT","NORTH",61755,510.1
"06/25/2019 14:35:00","EDT","WEST",61752,2066.3
"06/25/2019 14:40:00","EDT","CAPITL",61757,1576.6
"06/25/2019 14:40:00","EDT","CENTRL",61754,2198.8
"06/25/2019 14:40:00","EDT","DUNWOD",61760,900.8
"06/25/2019 14:40:00","EDT","GENESE",61753,1433.7
"06/25/2019 14:40:00","EDT","HUD VL",61758,1392.9
"06/25/2019 14:40:00","EDT","LONGIL",61762,3145.4
"06/25/2019 14:40:00","EDT","MHK VL",61756,1061.3
"06/25/2019 14:40:00","EDT","MILLWD",61759,439.2
"06/25/2019 14:40:00","EDT","N.Y.C.",61761,8478.5
"06/25/2019 14:40:00","EDT","NORTH",61755,503.3
"06/25/2019 14:40:00","EDT","WEST",61752,2027.7
"06/25/2019 14:45:00","EDT","CAPITL",61757,1599
"06/25/2019 14:45:00","EDT","CENTRL",61754,2189.8
"06/25/2019 14:45:00","EDT","DUNWOD",61760,887.6
"06/25/2019 14:45:00","EDT","GENESE",61753,1428.1
"06/25/2019 14:45:00","EDT","HUD VL",61758,1399.9
"06/25/2019 14:45:00","EDT","LONGIL",61762,3144.9
"06/25/2019 14:45:00","EDT","MHK VL",61756,1066.2
"06/25/2019 14:45:00","EDT","MILLWD",61759,447
"06/25/2019 14:45:00","EDT","N.Y.C.",61761,8514.6
"06/25/2019 14:45:00","EDT","NORTH",61755,500.7
"06/25/2019 14:45:00","EDT","WEST",61752,2041
"06/25/2019 14:50:00","EDT","CAPITL",61757,1602
"06/25/2019 14:50:00","EDT","CENTRL",61754,2161
"06/25/2019 14:50:00","EDT","DUNWOD",61760,894.5
"06/25/2019 14:50:00","EDT","GENESE",61753,1436.7
"06/25/2019 14:50:00","EDT","HUD VL",61758,1429.6
"06/25/2019 14:50:00","EDT","LONGIL",61762,3137.3
"06/25/2019 14:50:00","EDT","MHK VL",61756,1073.2
"06/25/2019 14:50:00","EDT","MILLWD",61759,430.2
"06/25/2019 14:50:00","EDT","N.Y.C.",61761,8520.7
"06/25/2019 14:50:00","EDT","NORTH",61755,502.6
"06/25/2019 14:50:00","EDT","WEST",61752,2050.2
"06/25/2019 14:55:00","EDT","CAPITL",61757,1606.5
"06/25/2019 14:55:00","EDT","CENTRL",61754,2154.5
"06/25/2019 14:55:00","EDT","DUNWOD",61760,912.4
"06/25/2019 14:55:00","EDT","GENESE",61753,1437.2
"06/25/2019 14:55:00","EDT","HUD VL",61758,1420.8
"06/25/2019 14:55:00","EDT","LONGIL",61762,3153.8
"06/25/2019 14:55:00","EDT","MHK VL",61756,1070
"06/25/2019 14:55:00","EDT","MILLWD",61759,436.5
"06/25/2019 14:55:00","EDT","N.Y.C.",61761,8536
"06/25/2019 14:55:00","EDT","NORTH",61755,499.5
"06/25/2019 14:55:00","EDT","WEST",61752,2045.6
"06/25/2019 15:00:00","EDT","CAPITL",61757,1614.9
"06/25/2019 15:00:00","EDT","CENTRL",61754,2199.5
"06/25/2019 15:00:00","EDT","DUNWOD",61760,904.8
"06/25/2019 15:00:00","EDT","GENESE",61753,1447.6
"06/25/2019 15:00:00","EDT","HUD VL",61758,1438.4
"06/25/2019 15:00:00","EDT","LONGIL",61762,3148.6
"06/25/2019 15:00:00","EDT","MHK VL",61756,1057.1
"06/25/2019 15:00:00","EDT","MILLWD",61759,443.2
"06/25/2019 15:00:00","EDT","N.Y.C.",61761,8536.4
"06/25/2019 15:00:00","EDT","NORTH",61755,508.8
"06/25/2019 15:00:00","EDT","WEST",61752,2041.1
"06/25/2019 15:05:00","EDT","CAPITL",61757,1614.1
"06/25/2019 15:05:00","EDT","CENTRL",61754,2195.3
"06/25/2019 15:05:00","EDT","DUNWOD",61760,914.9
"06/25/2019 15:05:00","EDT","GENESE",61753,1442.6
"06/25/2019 15:05:00","EDT","HUD VL",61758,1405.9
"06/25/2019 15:05:00","EDT","LONGIL",61762,3146.2
"06/25/2019 15:05:00","EDT","MHK VL",61756,1069.3
"06/25/2019 15:05:00","EDT","MILLWD",61759,448.3
"06/25/2019 15:05:00","EDT","N.Y.C.",61761,8593.6
"06/25/2019 15:05:00","EDT","NORTH",61755,496.4
"06/25/2019 15:05:00","EDT","WEST",61752,2032.7
"06/25/2019 15:10:00","EDT","CAPITL",61757,1615.3
"06/25/2019 15:10:00","EDT","CENTRL",61754,2208.2
"06/25/2019 15:10:00","EDT","DUNWOD",61760,914.9
"06/25/2019 15:10:00","EDT","GENESE",61753,1427.9
"06/25/2019 15:10:00","EDT","HUD VL",61758,1468.1
"06/25/2019 15:10:00","EDT","LONGIL",61762,3143.8
"06/25/2019 15:10:00","EDT","MHK VL",61756,1069.6
"06/25/2019 15:10:00","EDT","MILLWD",61759,437.9
"06/25/2019 15:10:00","EDT","N.Y.C.",61761,8601.7
"06/25/2019 15:10:00","EDT","NORTH",61755,511
"06/25/2019 15:10:00","EDT","WEST",61752,2050.9
"06/25/2019 15:15:00","EDT","CAPITL",61757,1635.9
"06/25/2019 15:15:00","EDT","CENTRL",61754,2188.9
"06/25/2019 15:15:00","EDT","DUNWOD",61760,921.5
"06/25/2019 15:15:00","EDT","GENESE",61753,1429.2
"06/25/2019 15:15:00","EDT","HUD VL",61758,1464.1
"06/25/2019 15:15:00","EDT","LONGIL",61762,3155.3
"06/25/2019 15:15:00","EDT","MHK VL",61756,1054
"06/25/2019 15:15:00","EDT","MILLWD",61759,442.2
"06/25/2019 15:15:00","EDT","N.Y.C.",61761,8626.8
"06/25/2019 15:15:00","EDT","NORTH",61755,508.4
"06/25/2019 15:15:00","EDT","WEST",61752,2050.7
"06/25/2019 15:20:00","EDT","CAPITL",61757,1635.7
"06/25/2019 15:20:00","EDT","CENTRL",61754,2194.4
"06/25/2019 15:20:00","EDT","DUNWOD",61760,925
"06/25/2019 15:20:00","EDT","GENESE",61753,1455.1
"06/25/2019 15:20:00","EDT","HUD VL",61758,1474.7
"06/25/2019 15:20:00","EDT","LONGIL",61762,3170.7
"06/25/2019 15:20:00","EDT","MHK VL",61756,1052
"06/25/2019 15:20:00","EDT","MILLWD",61759,436.1
"06/25/2019 15:20:00","EDT","N.Y.C.",61761,8645.5
"06/25/2019 15:20:00","EDT","NORTH",61755,512.7
"06/25/2019 15:20:00","EDT","WEST",61752,2041.7
"06/25/2019 15:25:00","EDT","CAPITL",61757,1634.7
"06/25/2019 15:25:00","EDT","CENTRL",61754,2193.5
"06/25/2019 15:25:00","EDT","DUNWOD",61760,935.4
"06/25/2019 15:25:00","EDT","GENESE",61753,1447.8
"06/25/2019 15:25:00","EDT","HUD VL",61758,1472.5
"06/25/2019 15:25:00","EDT","LONGIL",61762,3173
"06/25/2019 15:25:00","EDT","MHK VL",61756,1059.8
"06/25/2019 15:25:00","EDT","MILLWD",61759,439.3
"06/25/2019 15:25:00","EDT","N.Y.C.",61761,8663.6
"06/25/2019 15:25:00","EDT","NORTH",61755,513.3
"06/25/2019 15:25:00","EDT","WEST",61752,2030.9
"06/25/2019 15:30:00","EDT","CAPITL",61757,1642
"06/25/2019 15:30:00","EDT","CENTRL",61754,2212.9
"06/25/2019 15:30:00","EDT","DUNWOD",61760,940.3
"06/25/2019 15:30:00","EDT","GENESE",61753,1437
"06/25/2019 15:30:00","EDT","HUD VL",61758,1467
"06/25/2019 15:30:00","EDT","LONGIL",61762,3177.3
"06/25/2019 15:30:00","EDT","MHK VL",61756,1058.4
"06/25/2019 15:30:00","EDT","MILLWD",61759,444.2
"06/25/2019 15:30:00","EDT","N.Y.C.",61761,8699.6
"06/25/2019 15:30:00","EDT","NORTH",61755,499.9
"06/25/2019 15:30:00","EDT","WEST",61752,2037.7
"06/25/2019 15:35:00","EDT","CAPITL",61757,1665.3
"06/25/2019 15:35:00","EDT","CENTRL",61754,2226.4
"06/25/2019 15:35:00","EDT","DUNWOD",61760,926.8
"06/25/2019 15:35:00","EDT","GENESE",61753,1434.5
"06/25/2019 15:35:00","EDT","HUD VL",61758,1485.7
"06/25/2019 15:35:00","EDT","LONGIL",61762,3179.9
"06/25/2019 15:35:00","EDT","MHK VL",61756,1062.3
"06/25/2019 15:35:00","EDT","MILLWD",61759,457
"06/25/2019 15:35:00","EDT","N.Y.C.",61761,8698.7
"06/25/2019 15:35:00","EDT","NORTH",61755,499.6
"06/25/2019 15:35:00","EDT","WEST",61752,2031.8
"06/25/2019 15:40:00","EDT","CAPITL",61757,1661.8
"06/25/2019 15:40:00","EDT","CENTRL",61754,2170.6
"06/25/2019 15:40:00","EDT","DUNWOD",61760,946.6
"06/25/2019 15:40:00","EDT","GENESE",61753,1436.2
"06/25/2019 15:40:00","EDT","HUD VL",61758,1487.9
"06/25/2019 15:40:00","EDT","LONGIL",61762,3176.7
"06/25/2019 15:40:00","EDT","MHK VL",61756,1050.9
"06/25/2019 15:40:00","EDT","MILLWD",61759,450.2
"06/25/2019 15:40:00","EDT","N.Y.C.",61761,8730
"06/25/2019 15:40:00","EDT","NORTH",61755,525.8
"06/25/2019 15:40:00","EDT","WEST",61752,2007.5
"06/25/2019 15:45:00","EDT","CAPITL",61757,1667.3
"06/25/2019 15:45:00","EDT","CENTRL",61754,2206.9
"06/25/2019 15:45:00","EDT","DUNWOD",61760,955.8
"06/25/2019 15:45:00","EDT","GENESE",61753,1442.8
"06/25/2019 15:45:00","EDT","HUD VL",61758,1515.1
"06/25/2019 15:45:00","EDT","LONGIL",61762,3190.2
"06/25/2019 15:45:00","EDT","MHK VL",61756,1052.7
"06/25/2019 15:45:00","EDT","MILLWD",61759,448.7
"06/25/2019 15:45:00","EDT","N.Y.C.",61761,8737.4
"06/25/2019 15:45:00","EDT","NORTH",61755,522.3
"06/25/2019 15:45:00","EDT","WEST",61752,2010.7
"06/25/2019 15:50:00","EDT","CAPITL",61757,1672.3
"06/25/2019 15:50:00","EDT","CENTRL",61754,2191
"06/25/2019 15:50:00","EDT","DUNWOD",61760,962.2
"06/25/2019 15:50:00","EDT","GENESE",61753,1433.8
"06/25/2019 15:50:00","EDT","HUD VL",61758,1508.8
"06/25/2019 15:50:00","EDT","LONGIL",61762,3186.9
"06/25/2019 15:50:00","EDT","MHK VL",61756,1053.5
"06/25/2019 15:50:00","EDT","MILLWD",61759,447.9
"06/25/2019 15:50:00","EDT","N.Y.C.",61761,8718.2
"06/25/2019 15:50:00","EDT","NORTH",61755,501.6
"06/25/2019 15:50:00","EDT","WEST",61752,2011.1
"06/25/2019 15:55:00","EDT","CAPITL",61757,1696
"06/25/2019 15:55:00","EDT","CENTRL",61754,2194.2
"06/25/2019 15:55:00","EDT","DUNWOD",61760,955.3
"06/25/2019 15:55:00","EDT","GENESE",61753,1441.3
"06/25/2019 15:55:00","EDT","HUD VL",61758,1510.1
"06/25/2019 15:55:00","EDT","LONGIL",61762,3187.7
"06/25/2019 15:55:00","EDT","MHK VL",61756,1064
"06/25/2019 15:55:00","EDT","MILLWD",61759,463.7
"06/25/2019 15:55:00","EDT","N.Y.C.",61761,8794
"06/25/2019 15:55:00","EDT","NORTH",61755,504.8
"06/25/2019 15:55:00","EDT","WEST",61752,2002.1
"06/25/2019 16:00:00","EDT","CAPITL",61757,1673.8
"06/25/2019 16:00:00","EDT","CENTRL",61754,2211.6
"06/25/2019 16:00:00","EDT","DUNWOD",61760,970.2
"06/25/2019 16:00:00","EDT","GENESE",61753,1442.2
"06/25/2019 16:00:00","EDT","HUD VL",61758,1539
"06/25/2019 16:00:00","EDT","LONGIL",61762,3193.8
"06/25/2019 16:00:00","EDT","MHK VL",61756,1061.4
"06/25/2019 16:00:00","EDT","MILLWD",61759,458.4
"06/25/2019 16:00:00","EDT","N.Y.C.",61761,8743.1
"06/25/2019 16:00:00","EDT","NORTH",61755,507.2
"06/25/2019 16:00:00","EDT","WEST",61752,2005.7
"06/25/2019 16:05:00","EDT","CAPITL",61757,1684.1
"06/25/2019 16:05:00","EDT","CENTRL",61754,2204.8
"06/25/2019 16:05:00","EDT","DUNWOD",61760,950.9
"06/25/2019 16:05:00","EDT","GENESE",61753,1442.2
"06/25/2019 16:05:00","EDT","HUD VL",61758,1555.4
"06/25/2019 16:05:00","EDT","LONGIL",61762,3208.2
"06/25/2019 16:05:00","EDT","MHK VL",61756,1057.5
"06/25/2019 16:05:00","EDT","MILLWD",61759,467.8
"06/25/2019 16:05:00","EDT","N.Y.C.",61761,8793.8
"06/25/2019 16:05:00","EDT","NORTH",61755,519.8
"06/25/2019 16:05:00","EDT","WEST",61752,1996.6
"06/25/2019 16:10:00","EDT","CAPITL",61757,1704.9
"06/25/2019 16:10:00","EDT","CENTRL",61754,2199.9
"06/25/2019 16:10:00","EDT","DUNWOD",61760,966.9
"06/25/2019 16:10:00","EDT","GENESE",61753,1441.6
"06/25/2019 16:10:00","EDT","HUD VL",61758,1556
"06/25/2019 16:10:00","EDT","LONGIL",61762,3211.8
"06/25/2019 16:10:00","EDT","MHK VL",61756,1053.9
"06/25/2019 16:10:00","EDT","MILLWD",61759,469.5
"06/25/2019 16:10:00","EDT","N.Y.C.",61761,8797.3
"06/25/2019 16:10:00","EDT","NORTH",61755,541.3
"06/25/2019 16:10:00","EDT","WEST",61752,2006.3
"06/25/2019 16:15:00","EDT","CAPITL",61757,1705.3
"06/25/2019 16:15:00","EDT","CENTRL",61754,2200
"06/25/2019 16:15:00","EDT","DUNWOD",61760,962.7
"06/25/2019 16:15:00","EDT","GENESE",61753,1440.9
"06/25/2019 16:15:00","EDT","HUD VL",61758,1546.1
"06/25/2019 16:15:00","EDT","LONGIL",61762,3232.1
"06/25/2019 16:15:00","EDT","MHK VL",61756,1046.6
"06/25/2019 16:15:00","EDT","MILLWD",61759,468.5
"06/25/2019 16:15:00","EDT","N.Y.C.",61761,8805.4
"06/25/2019 16:15:00","EDT","NORTH",61755,549.5
"06/25/2019 16:15:00","EDT","WEST",61752,2014
"06/25/2019 16:20:00","EDT","CAPITL",61757,1729.7
"06/25/2019 16:20:00","EDT","CENTRL",61754,2222.7
"06/25/2019 16:20:00","EDT","DUNWOD",61760,961.5
"06/25/2019 16:20:00","EDT","GENESE",61753,1443.5
"06/25/2019 16:20:00","EDT","HUD VL",61758,1573.4
"06/25/2019 16:20:00","EDT","LONGIL",61762,3240.9
"06/25/2019 16:20:00","EDT","MHK VL",61756,1051.6
"06/25/2019 16:20:00","EDT","MILLWD",61759,478.9
"06/25/2019 16:20:00","EDT","N.Y.C.",61761,8795.6
"06/25/2019 16:20:00","EDT","NORTH",61755,545.8
"06/25/2019 16:20:00","EDT","WEST",61752,1998
"06/25/2019 16:25:00","EDT","CAPITL",61757,1741.1
"06/25/2019 16:25:00","EDT","CENTRL",61754,2224.1
"06/25/2019 16:25:00","EDT","DUNWOD",61760,982.6
"06/25/2019 16:25:00","EDT","GENESE",61753,1454.9
"06/25/2019 16:25:00","EDT","HUD VL",61758,1570.7
"06/25/2019 16:25:00","EDT","LONGIL",61762,3249.5
"06/25/2019 16:25:00","EDT","MHK VL",61756,1057.3
"06/25/2019 16:25:00","EDT","MILLWD",61759,476.7
"06/25/2019 16:25:00","EDT","N.Y.C.",61761,8818.6
"06/25/2019 16:25:00","EDT","NORTH",61755,545.3
"06/25/2019 16:25:00","EDT","WEST",61752,2006.2
"06/25/2019 16:30:00","EDT","CAPITL",61757,1747.4
"06/25/2019 16:30:00","EDT","CENTRL",61754,2186.5
"06/25/2019 16:30:00","EDT","DUNWOD",61760,967
"06/25/2019 16:30:00","EDT","GENESE",61753,1442
"06/25/2019 16:30:00","EDT","HUD VL",61758,1603.7
"06/25/2019 16:30:00","EDT","LONGIL",61762,3269
"06/25/2019 16:30:00","EDT","MHK VL",61756,1052.8
"06/25/2019 16:30:00","EDT","MILLWD",61759,482
"06/25/2019 16:30:00","EDT","N.Y.C.",61761,8827.6
"06/25/2019 16:30:00","EDT","NORTH",61755,551.7
"06/25/2019 16:30:00","EDT","WEST",61752,2001.2
"06/25/2019 16:35:00","EDT","CAPITL",61757,1746.8
"06/25/2019 16:35:00","EDT","CENTRL",61754,2211.2
"06/25/2019 16:35:00","EDT","DUNWOD",61760,969.3
"06/25/2019 16:35:00","EDT","GENESE",61753,1454.3
"06/25/2019 16:35:00","EDT","HUD VL",61758,1616.7
"06/25/2019 16:35:00","EDT","LONGIL",61762,3275.5
"06/25/2019 16:35:00","EDT","MHK VL",61756,1058.2
"06/25/2019 16:35:00","EDT","MILLWD",61759,489.6
"06/25/2019 16:35:00","EDT","N.Y.C.",61761,8833.2
"06/25/2019 16:35:00","EDT","NORTH",61755,538.3
"06/25/2019 16:35:00","EDT","WEST",61752,1990.7
"06/25/2019 16:40:00","EDT","CAPITL",61757,1750.3
"06/25/2019 16:40:00","EDT","CENTRL",61754,2221.2
"06/25/2019 16:40:00","EDT","DUNWOD",61760,968.8
"06/25/2019 16:40:00","EDT","GENESE",61753,1448.4
"06/25/2019 16:40:00","EDT","HUD VL",61758,1601.5
"06/25/2019 16:40:00","EDT","LONGIL",61762,3277.4
"06/25/2019 16:40:00","EDT","MHK VL",61756,1069.1
"06/25/2019 16:40:00","EDT","MILLWD",61759,493.7
"06/25/2019 16:40:00","EDT","N.Y.C.",61761,8843.9
"06/25/2019 16:40:00","EDT","NORTH",61755,508.2
"06/25/2019 16:40:00","EDT","WEST",61752,2008.5
"06/25/2019 16:45:00","EDT","CAPITL",61757,1762.7
"06/25/2019 16:45:00","EDT","CENTRL",61754,2239.2
"06/25/2019 16:45:00","EDT","DUNWOD",61760,956.6
"06/25/2019 16:45:00","EDT","GENESE",61753,1439.8
"06/25/2019 16:45:00","EDT","HUD VL",61758,1620.1
"06/25/2019 16:45:00","EDT","LONGIL",61762,3295.2
"06/25/2019 16:45:00","EDT","MHK VL",61756,1075.9
"06/25/2019 16:45:00","EDT","MILLWD",61759,525.9
"06/25/2019 16:45:00","EDT","N.Y.C.",61761,8868.9
"06/25/2019 16:45:00","EDT","NORTH",61755,509.8
"06/25/2019 16:45:00","EDT","WEST",61752,2022.4
"06/25/2019 16:50:00","EDT","CAPITL",61757,1764.9
"06/25/2019 16:50:00","EDT","CENTRL",61754,2232.3
"06/25/2019 16:50:00","EDT","DUNWOD",61760,947.2
"06/25/2019 16:50:00","EDT","GENESE",61753,1437.5
"06/25/2019 16:50:00","EDT","HUD VL",61758,1623.8
"06/25/2019 16:50:00","EDT","LONGIL",61762,3302.2
"06/25/2019 16:50:00","EDT","MHK VL",61756,1076
"06/25/2019 16:50:00","EDT","MILLWD",61759,525.2
"06/25/2019 16:50:00","EDT","N.Y.C.",61761,8897.8
"06/25/2019 16:50:00","EDT","NORTH",61755,520.7
"06/25/2019 16:50:00","EDT","WEST",61752,2029.8
"06/25/2019 16:55:00","EDT","CAPITL",61757,1765.8
"06/25/2019 16:55:00","EDT","CENTRL",61754,2221.8
"06/25/2019 16:55:00","EDT","DUNWOD",61760,1002.7
"06/25/2019 16:55:00","EDT","GENESE",61753,1425.7
"06/25/2019 16:55:00","EDT","HUD VL",61758,1631.9
"06/25/2019 16:55:00","EDT","LONGIL",61762,3312.8
"06/25/2019 16:55:00","EDT","MHK VL",61756,1073.8
"06/25/2019 16:55:00","EDT","MILLWD",61759,502
"06/25/2019 16:55:00","EDT","N.Y.C.",61761,8876.1
"06/25/2019 16:55:00","EDT","NORTH",61755,509.8
"06/25/2019 16:55:00","EDT","WEST",61752,2034.9
"06/25/2019 17:00:00","EDT","CAPITL",61757,1773.3
"06/25/2019 17:00:00","EDT","CENTRL",61754,2234.7
"06/25/2019 17:00:00","EDT","DUNWOD",61760,985.9
"06/25/2019 17:00:00","EDT","GENESE",61753,1430.3
"06/25/2019 17:00:00","EDT","HUD VL",61758,1654.8
"06/25/2019 17:00:00","EDT","LONGIL",61762,3344.9
"06/25/2019 17:00:00","EDT","MHK VL",61756,1061
"06/25/2019 17:00:00","EDT","MILLWD",61759,511.5
"06/25/2019 17:00:00","EDT","N.Y.C.",61761,8866.4
"06/25/2019 17:00:00","EDT","NORTH",61755,526.7
"06/25/2019 17:00:00","EDT","WEST",61752,2013.8
"06/25/2019 17:05:00","EDT","CAPITL",61757,1786.6
"06/25/2019 17:05:00","EDT","CENTRL",61754,2241.1
"06/25/2019 17:05:00","EDT","DUNWOD",61760,1007.3
"06/25/2019 17:05:00","EDT","GENESE",61753,1420.1
"06/25/2019 17:05:00","EDT","HUD VL",61758,1637.5
"06/25/2019 17:05:00","EDT","LONGIL",61762,3357.9
"06/25/2019 17:05:00","EDT","MHK VL",61756,1069.7
"06/25/2019 17:05:00","EDT","MILLWD",61759,507.2
"06/25/2019 17:05:00","EDT","N.Y.C.",61761,8941.7
"06/25/2019 17:05:00","EDT","NORTH",61755,504
"06/25/2019 17:05:00","EDT","WEST",61752,2023.2
"06/25/2019 17:10:00","EDT","CAPITL",61757,1772.5
"06/25/2019 17:10:00","EDT","CENTRL",61754,2229.4
"06/25/2019 17:10:00","EDT","DUNWOD",61760,981.8
"06/25/2019 17:10:00","EDT","GENESE",61753,1417.1
"06/25/2019 17:10:00","EDT","HUD VL",61758,1669.9
"06/25/2019 17:10:00","EDT","LONGIL",61762,3336.2
"06/25/2019 17:10:00","EDT","MHK VL",61756,1075.3
"06/25/2019 17:10:00","EDT","MILLWD",61759,508.3
"06/25/2019 17:10:00","EDT","N.Y.C.",61761,8934.3
"06/25/2019 17:10:00","EDT","NORTH",61755,516.7
"06/25/2019 17:10:00","EDT","WEST",61752,2040
"06/25/2019 17:15:00","EDT","CAPITL",61757,1789
"06/25/2019 17:15:00","EDT","CENTRL",61754,2218.6
"06/25/2019 17:15:00","EDT","DUNWOD",61760,973.8
"06/25/2019 17:15:00","EDT","GENESE",61753,1419.8
"06/25/2019 17:15:00","EDT","HUD VL",61758,1631.9
"06/25/2019 17:15:00","EDT","LONGIL",61762,3347.5
"06/25/2019 17:15:00","EDT","MHK VL",61756,1081.5
"06/25/2019 17:15:00","EDT","MILLWD",61759,554.2
"06/25/2019 17:15:00","EDT","N.Y.C.",61761,8982.7
"06/25/2019 17:15:00","EDT","NORTH",61755,525.3
"06/25/2019 17:15:00","EDT","WEST",61752,2018.3
"06/25/2019 17:20:00","EDT","CAPITL",61757,1805.1
"06/25/2019 17:20:00","EDT","CENTRL",61754,2186.6
"06/25/2019 17:20:00","EDT","DUNWOD",61760,1019.2
"06/25/2019 17:20:00","EDT","GENESE",61753,1422.9
"06/25/2019 17:20:00","EDT","HUD VL",61758,1649.8
"06/25/2019 17:20:00","EDT","LONGIL",61762,3369.2
"06/25/2019 17:20:00","EDT","MHK VL",61756,1086.1
"06/25/2019 17:20:00","EDT","MILLWD",61759,513.9
"06/25/2019 17:20:00","EDT","N.Y.C.",61761,8955.7
"06/25/2019 17:20:00","EDT","NORTH",61755,507.8
"06/25/2019 17:20:00","EDT","WEST",61752,2023.3
"06/25/2019 17:25:00","EDT","CAPITL",61757,1807.9
"06/25/2019 17:25:00","EDT","CENTRL",61754,2209.2
"06/25/2019 17:25:00","EDT","DUNWOD",61760,1022.3
"06/25/2019 17:25:00","EDT","GENESE",61753,1421.6
"06/25/2019 17:25:00","EDT","HUD VL",61758,1657
"06/25/2019 17:25:00","EDT","LONGIL",61762,3394.3
"06/25/2019 17:25:00","EDT","MHK VL",61756,1084.4
"06/25/2019 17:25:00","EDT","MILLWD",61759,527.1
"06/25/2019 17:25:00","EDT","N.Y.C.",61761,8933.4
"06/25/2019 17:25:00","EDT","NORTH",61755,519.7
"06/25/2019 17:25:00","EDT","WEST",61752,2017.2
"06/25/2019 17:30:00","EDT","CAPITL",61757,1815.5
"06/25/2019 17:30:00","EDT","CENTRL",61754,2213.9
"06/25/2019 17:30:00","EDT","DUNWOD",61760,1018.6
"06/25/2019 17:30:00","EDT","GENESE",61753,1432.6
"06/25/2019 17:30:00","EDT","HUD VL",61758,1648.6
"06/25/2019 17:30:00","EDT","LONGIL",61762,3400.1
"06/25/2019 17:30:00","EDT","MHK VL",61756,1083.6
"06/25/2019 17:30:00","EDT","MILLWD",61759,523.7
"06/25/2019 17:30:00","EDT","N.Y.C.",61761,8951.8
"06/25/2019 17:30:00","EDT","NORTH",61755,519.8
"06/25/2019 17:30:00","EDT","WEST",61752,2033
"06/25/2019 17:35:00","EDT","CAPITL",61757,1811.9
"06/25/2019 17:35:00","EDT","CENTRL",61754,2216.6
"06/25/2019 17:35:00","EDT","DUNWOD",61760,1028.1
"06/25/2019 17:35:00","EDT","GENESE",61753,1427.1
"06/25/2019 17:35:00","EDT","HUD VL",61758,1683.2
"06/25/2019 17:35:00","EDT","LONGIL",61762,3422
"06/25/2019 17:35:00","EDT","MHK VL",61756,1095.6
"06/25/2019 17:35:00","EDT","MILLWD",61759,518.7
"06/25/2019 17:35:00","EDT","N.Y.C.",61761,8970.8
"06/25/2019 17:35:00","EDT","NORTH",61755,518
"06/25/2019 17:35:00","EDT","WEST",61752,2015
"06/25/2019 17:40:00","EDT","CAPITL",61757,1811.6
"06/25/2019 17:40:00","EDT","CENTRL",61754,2219.6
"06/25/2019 17:40:00","EDT","DUNWOD",61760,1005.8
"06/25/2019 17:40:00","EDT","GENESE",61753,1416.3
"06/25/2019 17:40:00","EDT","HUD VL",61758,1687
"06/25/2019 17:40:00","EDT","LONGIL",61762,3442.7
"06/25/2019 17:40:00","EDT","MHK VL",61756,1078.4
"06/25/2019 17:40:00","EDT","MILLWD",61759,538.8
"06/25/2019 17:40:00","EDT","N.Y.C.",61761,8943.8
"06/25/2019 17:40:00","EDT","NORTH",61755,528.9
"06/25/2019 17:40:00","EDT","WEST",61752,2033.7
"06/25/2019 17:45:00","EDT","CAPITL",61757,1818.8
"06/25/2019 17:45:00","EDT","CENTRL",61754,2211.2
"06/25/2019 17:45:00","EDT","DUNWOD",61760,1020.6
"06/25/2019 17:45:00","EDT","GENESE",61753,1417.7
"06/25/2019 17:45:00","EDT","HUD VL",61758,1668.5
"06/25/2019 17:45:00","EDT","LONGIL",61762,3438.8
"06/25/2019 17:45:00","EDT","MHK VL",61756,1083.3
"06/25/2019 17:45:00","EDT","MILLWD",61759,528
"06/25/2019 17:45:00","EDT","N.Y.C.",61761,8945.1
"06/25/2019 17:45:00","EDT","NORTH",61755,499.3
"06/25/2019 17:45:00","EDT","WEST",61752,2021
"06/25/2019 17:50:00","EDT","CAPITL",61757,1816.1
"06/25/2019 17:50:00","EDT","CENTRL",61754,2217.6
"06/25/2019 17:50:00","EDT","DUNWOD",61760,1030.9
"06/25/2019 17:50:00","EDT","GENESE",61753,1423.1
"06/25/2019 17:50:00","EDT","HUD VL",61758,1677.8
"06/25/2019 17:50:00","EDT","LONGIL",61762,3435.2
"06/25/2019 17:50:00","EDT","MHK VL",61756,1069.9
"06/25/2019 17:50:00","EDT","MILLWD",61759,528.8
"06/25/2019 17:50:00","EDT","N.Y.C.",61761,8935.8
"06/25/2019 17:50:00","EDT","NORTH",61755,519
"06/25/2019 17:50:00","EDT","WEST",61752,2020.3
"06/25/2019 17:55:00","EDT","CAPITL",61757,1817.2
"06/25/2019 17:55:00","EDT","CENTRL",61754,2225.9
"06/25/2019 17:55:00","EDT","DUNWOD",61760,1010
"06/25/2019 17:55:00","EDT","GENESE",61753,1417.4
"06/25/2019 17:55:00","EDT","HUD VL",61758,1668
"06/25/2019 17:55:00","EDT","LONGIL",61762,3474.7
"06/25/2019 17:55:00","EDT","MHK VL",61756,1076
"06/25/2019 17:55:00","EDT","MILLWD",61759,535.4
"06/25/2019 17:55:00","EDT","N.Y.C.",61761,8915
"06/25/2019 17:55:00","EDT","NORTH",61755,516.5
"06/25/2019 17:55:00","EDT","WEST",61752,2033.1
"06/25/2019 18:00:00","EDT","CAPITL",61757,1820.6
"06/25/2019 18:00:00","EDT","CENTRL",61754,2230.9
"06/25/2019 18:00:00","EDT","DUNWOD",61760,1039.2
"06/25/2019 18:00:00","EDT","GENESE",61753,1424.8
"06/25/2019 18:00:00","EDT","HUD VL",61758,1658.8
"06/25/2019 18:00:00","EDT","LONGIL",61762,3474.8
"06/25/2019 18:00:00","EDT","MHK VL",61756,1080.3
"06/25/2019 18:00:00","EDT","MILLWD",61759,547.6
"06/25/2019 18:00:00","EDT","N.Y.C.",61761,8875.4
"06/25/2019 18:00:00","EDT","NORTH",61755,519.7
"06/25/2019 18:00:00","EDT","WEST",61752,2025.5
"06/25/2019 18:05:00","EDT","CAPITL",61757,1814.2
"06/25/2019 18:05:00","EDT","CENTRL",61754,2209.7
"06/25/2019 18:05:00","EDT","DUNWOD",61760,1020.8
"06/25/2019 18:05:00","EDT","GENESE",61753,1418
"06/25/2019 18:05:00","EDT","HUD VL",61758,1665
"06/25/2019 18:05:00","EDT","LONGIL",61762,3462.6
"06/25/2019 18:05:00","EDT","MHK VL",61756,1075.2
"06/25/2019 18:05:00","EDT","MILLWD",61759,546.1
"06/25/2019 18:05:00","EDT","N.Y.C.",61761,8810.9
"06/25/2019 18:05:00","EDT","NORTH",61755,514.1
"06/25/2019 18:05:00","EDT","WEST",61752,2031.8
"06/25/2019 18:10:00","EDT","CAPITL",61757,1809.2
"06/25/2019 18:10:00","EDT","CENTRL",61754,2175.8
"06/25/2019 18:10:00","EDT","DUNWOD",61760,1007.3
"06/25/2019 18:10:00","EDT","GENESE",61753,1410.1
"06/25/2019 18:10:00","EDT","HUD VL",61758,1661.8
"06/25/2019 18:10:00","EDT","LONGIL",61762,3461.7
"06/25/2019 18:10:00","EDT","MHK VL",61756,1067.2
"06/25/2019 18:10:00","EDT","MILLWD",61759,543.7
"06/25/2019 18:10:00","EDT","N.Y.C.",61761,8730.1
"06/25/2019 18:10:00","EDT","NORTH",61755,517
"06/25/2019 18:10:00","EDT","WEST",61752,2017.4
"06/25/2019 18:15:00","EDT","CAPITL",61757,1828
"06/25/2019 18:15:00","EDT","CENTRL",61754,2202.7
"06/25/2019 18:15:00","EDT","DUNWOD",61760,1019.3
"06/25/2019 18:15:00","EDT","GENESE",61753,1416.6
"06/25/2019 18:15:00","EDT","HUD VL",61758,1670
"06/25/2019 18:15:00","EDT","LONGIL",61762,3466.9
"06/25/2019 18:15:00","EDT","MHK VL",61756,1072.1
"06/25/2019 18:15:00","EDT","MILLWD",61759,532.6
"06/25/2019 18:15:00","EDT","N.Y.C.",61761,8703.8
"06/25/2019 18:15:00","EDT","NORTH",61755,518.1
"06/25/2019 18:15:00","EDT","WEST",61752,2003.5
"06/25/2019 18:20:00","EDT","CAPITL",61757,1807.5
"06/25/2019 18:20:00","EDT","CENTRL",61754,2205.8
"06/25/2019 18:20:00","EDT","DUNWOD",61760,1010.9
"06/25/2019 18:20:00","EDT","GENESE",61753,1405.6
"06/25/2019 18:20:00","EDT","HUD VL",61758,1676.9
"06/25/2019 18:20:00","EDT","LONGIL",61762,3459.1
"06/25/2019 18:20:00","EDT","MHK VL",61756,1076.5
"06/25/2019 18:20:00","EDT","MILLWD",61759,530.3
"06/25/2019 18:20:00","EDT","N.Y.C.",61761,8696.2
"06/25/2019 18:20:00","EDT","NORTH",61755,529.3
"06/25/2019 18:20:00","EDT","WEST",61752,1995.2
"06/25/2019 18:25:00","EDT","CAPITL",61757,1815.4
"06/25/2019 18:25:00","EDT","CENTRL",61754,2209.8
"06/25/2019 18:25:00","EDT","DUNWOD",61760,1005.7
"06/25/2019 18:25:00","EDT","GENESE",61753,1411.2
"06/25/2019 18:25:00","EDT","HUD VL",61758,1682.8
"06/25/2019 18:25:00","EDT","LONGIL",61762,3451.5
"06/25/2019 18:25:00","EDT","MHK VL",61756,1081
"06/25/2019 18:25:00","EDT","MILLWD",61759,531.9
"06/25/2019 18:25:00","EDT","N.Y.C.",61761,8689.3
"06/25/2019 18:25:00","EDT","NORTH",61755,520.8
"06/25/2019 18:25:00","EDT","WEST",61752,1983.8
"06/25/2019 18:30:00","EDT","CAPITL",61757,1822.6
"06/25/2019 18:30:00","EDT","CENTRL",61754,2187.9
"06/25/2019 18:30:00","EDT","DUNWOD",61760,1000.7
"06/25/2019 18:30:00","EDT","GENESE",61753,1415.3
"06/25/2019 18:30:00","EDT","HUD VL",61758,1676
"06/25/2019 18:30:00","EDT","LONGIL",61762,3450.8
"06/25/2019 18:30:00","EDT","MHK VL",61756,1077.3
"06/25/2019 18:30:00","EDT","MILLWD",61759,543.5
"06/25/2019 18:30:00","EDT","N.Y.C.",61761,8669.1
"06/25/2019 18:30:00","EDT","NORTH",61755,523.9
"06/25/2019 18:30:00","EDT","WEST",61752,1992.2
"06/25/2019 18:30:37","EDT","CAPITL",61757,1829.9
"06/25/2019 18:30:37","EDT","CENTRL",61754,2201.3
"06/25/2019 18:30:37","EDT","DUNWOD",61760,991.1
"06/25/2019 18:30:37","EDT","GENESE",61753,1409.6
"06/25/2019 18:30:37","EDT","HUD VL",61758,1692.4
"06/25/2019 18:30:37","EDT","LONGIL",61762,3454.9
"06/25/2019 18:30:37","EDT","MHK VL",61756,1069.8
"06/25/2019 18:30:37","EDT","MILLWD",61759,535.8
"06/25/2019 18:30:37","EDT","N.Y.C.",61761,8663.6
"06/25/2019 18:30:37","EDT","NORTH",61755,521.2
"06/25/2019 18:30:37","EDT","WEST",61752,2003.7
"06/25/2019 18:33:37","EDT","CAPITL",61757,1823.3
"06/25/2019 18:33:37","EDT","CENTRL",61754,2204.8
"06/25/2019 18:33:37","EDT","DUNWOD",61760,996
"06/25/2019 18:33:37","EDT","GENESE",61753,1400.9
"06/25/2019 18:33:37","EDT","HUD VL",61758,1678.3
"06/25/2019 18:33:37","EDT","LONGIL",61762,3474.9
"06/25/2019 18:33:37","EDT","MHK VL",61756,1085.7
"06/25/2019 18:33:37","EDT","MILLWD",61759,534.7
"06/25/2019 18:33:37","EDT","N.Y.C.",61761,8639.5
"06/25/2019 18:33:37","EDT","NORTH",61755,506.5
"06/25/2019 18:33:37","EDT","WEST",61752,1991.4
"06/25/2019 18:35:00","EDT","CAPITL",61757,1827.3
"06/25/2019 18:35:00","EDT","CENTRL",61754,2190.4
"06/25/2019 18:35:00","EDT","DUNWOD",61760,986.6
"06/25/2019 18:35:00","EDT","GENESE",61753,1407.7
"06/25/2019 18:35:00","EDT","HUD VL",61758,1668.2
"06/25/2019 18:35:00","EDT","LONGIL",61762,3452.3
"06/25/2019 18:35:00","EDT","MHK VL",61756,1072.3
"06/25/2019 18:35:00","EDT","MILLWD",61759,548.1
"06/25/2019 18:35:00","EDT","N.Y.C.",61761,8611.8
"06/25/2019 18:35:00","EDT","NORTH",61755,521.6
"06/25/2019 18:35:00","EDT","WEST",61752,2001.4
"06/25/2019 18:40:00","EDT","CAPITL",61757,1818.4
"06/25/2019 18:40:00","EDT","CENTRL",61754,2199.3
"06/25/2019 18:40:00","EDT","DUNWOD",61760,993
"06/25/2019 18:40:00","EDT","GENESE",61753,1403.3
"06/25/2019 18:40:00","EDT","HUD VL",61758,1670.9
"06/25/2019 18:40:00","EDT","LONGIL",61762,3447.2
"06/25/2019 18:40:00","EDT","MHK VL",61756,1076.7
"06/25/2019 18:40:00","EDT","MILLWD",61759,551.8
"06/25/2019 18:40:00","EDT","N.Y.C.",61761,8604.6
"06/25/2019 18:40:00","EDT","NORTH",61755,518.5
"06/25/2019 18:40:00","EDT","WEST",61752,1998
"06/25/2019 18:45:00","EDT","CAPITL",61757,1815.7
"06/25/2019 18:45:00","EDT","CENTRL",61754,2205.7
"06/25/2019 18:45:00","EDT","DUNWOD",61760,1012.5
"06/25/2019 18:45:00","EDT","GENESE",61753,1412.8
"06/25/2019 18:45:00","EDT","HUD VL",61758,1680.7
"06/25/2019 18:45:00","EDT","LONGIL",61762,3451.3
"06/25/2019 18:45:00","EDT","MHK VL",61756,1073.8
"06/25/2019 18:45:00","EDT","MILLWD",61759,538.8
"06/25/2019 18:45:00","EDT","N.Y.C.",61761,8608.3
"06/25/2019 18:45:00","EDT","NORTH",61755,514
"06/25/2019 18:45:00","EDT","WEST",61752,1979.4
"06/25/2019 18:50:00","EDT","CAPITL",61757,1804.1
"06/25/2019 18:50:00","EDT","CENTRL",61754,2200.2
"06/25/2019 18:50:00","EDT","DUNWOD",61760,986.9
"06/25/2019 18:50:00","EDT","GENESE",61753,1406.2
"06/25/2019 18:50:00","EDT","HUD VL",61758,1669.3
"06/25/2019 18:50:00","EDT","LONGIL",61762,3444.2
"06/25/2019 18:50:00","EDT","MHK VL",61756,1067.1
"06/25/2019 18:50:00","EDT","MILLWD",61759,555.8
"06/25/2019 18:50:00","EDT","N.Y.C.",61761,8624.4
"06/25/2019 18:50:00","EDT","NORTH",61755,533.6
"06/25/2019 18:50:00","EDT","WEST",61752,1975.8
"06/25/2019 18:55:00","EDT","CAPITL",61757,1820.5
"06/25/2019 18:55:00","EDT","CENTRL",61754,2204.2
"06/25/2019 18:55:00","EDT","DUNWOD",61760,991.7
"06/25/2019 18:55:00","EDT","GENESE",61753,1399.2
"06/25/2019 18:55:00","EDT","HUD VL",61758,1683.1
"06/25/2019 18:55:00","EDT","LONGIL",61762,3450.4
"06/25/2019 18:55:00","EDT","MHK VL",61756,1065.8
"06/25/2019 18:55:00","EDT","MILLWD",61759,543.1
"06/25/2019 18:55:00","EDT","N.Y.C.",61761,8581.4
"06/25/2019 18:55:00","EDT","NORTH",61755,526.3
"06/25/2019 18:55:00","EDT","WEST",61752,1991.4
"06/25/2019 19:00:00","EDT","CAPITL",61757,1816.1
"06/25/2019 19:00:00","EDT","CENTRL",61754,2153.7
"06/25/2019 19:00:00","EDT","DUNWOD",61760,987.7
"06/25/2019 19:00:00","EDT","GENESE",61753,1401.5
"06/25/2019 19:00:00","EDT","HUD VL",61758,1665.7
"06/25/2019 19:00:00","EDT","LONGIL",61762,3425.2
"06/25/2019 19:00:00","EDT","MHK VL",61756,1066.5
"06/25/2019 19:00:00","EDT","MILLWD",61759,537.1
"06/25/2019 19:00:00","EDT","N.Y.C.",61761,8534.2
"06/25/2019 19:00:00","EDT","NORTH",61755,516.6
"06/25/2019 19:00:00","EDT","WEST",61752,1986.8
"06/25/2019 19:05:00","EDT","CAPITL",61757,1822.1
"06/25/2019 19:05:00","EDT","CENTRL",61754,2132.5
"06/25/2019 19:05:00","EDT","DUNWOD",61760,1003.1
"06/25/2019 19:05:00","EDT","GENESE",61753,1396.8
"06/25/2019 19:05:00","EDT","HUD VL",61758,1666.6
"06/25/2019 19:05:00","EDT","LONGIL",61762,3402.8
"06/25/2019 19:05:00","EDT","MHK VL",61756,1075.6
"06/25/2019 19:05:00","EDT","MILLWD",61759,543.2
"06/25/2019 19:05:00","EDT","N.Y.C.",61761,8540.7
"06/25/2019 19:05:00","EDT","NORTH",61755,510.7
"06/25/2019 19:05:00","EDT","WEST",61752,1981.2
"06/25/2019 19:10:00","EDT","CAPITL",61757,1814.5
"06/25/2019 19:10:00","EDT","CENTRL",61754,2154.8
"06/25/2019 19:10:00","EDT","DUNWOD",61760,1011
"06/25/2019 19:10:00","EDT","GENESE",61753,1390.5
"06/25/2019 19:10:00","EDT","HUD VL",61758,1651.4
"06/25/2019 19:10:00","EDT","LONGIL",61762,3401.8
"06/25/2019 19:10:00","EDT","MHK VL",61756,1068.5
"06/25/2019 19:10:00","EDT","MILLWD",61759,536.2
"06/25/2019 19:10:00","EDT","N.Y.C.",61761,8510.6
"06/25/2019 19:10:00","EDT","NORTH",61755,535.1
"06/25/2019 19:10:00","EDT","WEST",61752,1970.8
"06/25/2019 19:15:00","EDT","CAPITL",61757,1799.1
"06/25/2019 19:15:00","EDT","CENTRL",61754,2122.4
"06/25/2019 19:15:00","EDT","DUNWOD",61760,980.8
"06/25/2019 19:15:00","EDT","GENESE",61753,1391.2
"06/25/2019 19:15:00","EDT","HUD VL",61758,1668.7
"06/25/2019 19:15:00","EDT","LONGIL",61762,3379.7
"06/25/2019 19:15:00","EDT","MHK VL",61756,1061.9
"06/25/2019 19:15:00","EDT","MILLWD",61759,535.8
"06/25/2019 19:15:00","EDT","N.Y.C.",61761,8454.8
"06/25/2019 19:15:00","EDT","NORTH",61755,553
"06/25/2019 19:15:00","EDT","WEST",61752,1965.1
"06/25/2019 19:20:00","EDT","CAPITL",61757,1809.8
"06/25/2019 19:20:00","EDT","CENTRL",61754,2165.1
"06/25/2019 19:20:00","EDT","DUNWOD",61760,990
"06/25/2019 19:20:00","EDT","GENESE",61753,1382.6
"06/25/2019 19:20:00","EDT","HUD VL",61758,1647
"06/25/2019 19:20:00","EDT","LONGIL",61762,3373.7
"06/25/2019 19:20:00","EDT","MHK VL",61756,1064.3
"06/25/2019 19:20:00","EDT","MILLWD",61759,533.9
"06/25/2019 19:20:00","EDT","N.Y.C.",61761,8435.2
"06/25/2019 19:20:00","EDT","NORTH",61755,555.3
"06/25/2019 19:20:00","EDT","WEST",61752,1966.4
"06/25/2019 19:25:00","EDT","CAPITL",61757,1794.5
"06/25/2019 19:25:00","EDT","CENTRL",61754,2162.6
"06/25/2019 19:25:00","EDT","DUNWOD",61760,990
"06/25/2019 19:25:00","EDT","GENESE",61753,1378.2
"06/25/2019 19:25:00","EDT","HUD VL",61758,1662.7
"06/25/2019 19:25:00","EDT","LONGIL",61762,3367.4
"06/25/2019 19:25:00","EDT","MHK VL",61756,1056
"06/25/2019 19:25:00","EDT","MILLWD",61759,521.2
"06/25/2019 19:25:00","EDT","N.Y.C.",61761,8409.2
"06/25/2019 19:25:00","EDT","NORTH",61755,557.2
"06/25/2019 19:25:00","EDT","WEST",61752,1943.1
"06/25/2019 19:30:00","EDT","CAPITL",61757,1799.7
"06/25/2019 19:30:00","EDT","CENTRL",61754,2148.9
"06/25/2019 19:30:00","EDT","DUNWOD",61760,979.8
"06/25/2019 19:30:00","EDT","GENESE",61753,1380.4
"06/25/2019 19:30:00","EDT","HUD VL",61758,1645.9
"06/25/2019 19:30:00","EDT","LONGIL",61762,3356.4
"06/25/2019 19:30:00","EDT","MHK VL",61756,1054.5
"06/25/2019 19:30:00","EDT","MILLWD",61759,542
"06/25/2019 19:30:00","EDT","N.Y.C.",61761,8401.7
"06/25/2019 19:30:00","EDT","NORTH",61755,549.9
"06/25/2019 19:30:00","EDT","WEST",61752,1946.7
"06/25/2019 19:35:00","EDT","CAPITL",61757,1805.5
"06/25/2019 19:35:00","EDT","CENTRL",61754,2139.2
"06/25/2019 19:35:00","EDT","DUNWOD",61760,976.4
"06/25/2019 19:35:00","EDT","GENESE",61753,1377.3
"06/25/2019 19:35:00","EDT","HUD VL",61758,1646.2
"06/25/2019 19:35:00","EDT","LONGIL",61762,3345.7
"06/25/2019 19:35:00","EDT","MHK VL",61756,1054.5
"06/25/2019 19:35:00","EDT","MILLWD",61759,532.4
"06/25/2019 19:35:00","EDT","N.Y.C.",61761,8402.6
"06/25/2019 19:35:00","EDT","NORTH",61755,556.6
"06/25/2019 19:35:00","EDT","WEST",61752,1941.2
"06/25/2019 19:40:00","EDT","CAPITL",61757,1793.9
"06/25/2019 19:40:00","EDT","CENTRL",61754,2148.3
"06/25/2019 19:40:00","EDT","DUNWOD",61760,981.3
"06/25/2019 19:40:00","EDT","GENESE",61753,1368.6
"06/25/2019 19:40:00","EDT","HUD VL",61758,1633.2
"06/25/2019 19:40:00","EDT","LONGIL",61762,3347.5
"06/25/2019 19:40:00","EDT","MHK VL",61756,1047.4
"06/25/2019 19:40:00","EDT","MILLWD",61759,542.9
"06/25/2019 19:40:00","EDT","N.Y.C.",61761,8366.8
"06/25/2019 19:40:00","EDT","NORTH",61755,550.4
"06/25/2019 19:40:00","EDT","WEST",61752,1957.7
"06/25/2019 19:45:00","EDT","CAPITL",61757,1785.8
"06/25/2019 19:45:00","EDT","CENTRL",61754,2146.1
"06/25/2019 19:45:00","EDT","DUNWOD",61760,986.4
"06/25/2019 19:45:00","EDT","GENESE",61753,1369.8
"06/25/2019 19:45:00","EDT","HUD VL",61758,1631.1
"06/25/2019 19:45:00","EDT","LONGIL",61762,3312.6
"06/25/2019 19:45:00","EDT","MHK VL",61756,1053.4
"06/25/2019 19:45:00","EDT","MILLWD",61759,536.7
"06/25/2019 19:45:00","EDT","N.Y.C.",61761,8355.6
"06/25/2019 19:45:00","EDT","NORTH",61755,548
"06/25/2019 19:45:00","EDT","WEST",61752,1935.5
"06/25/2019 19:50:00","EDT","CAPITL",61757,1782.3
"06/25/2019 19:50:00","EDT","CENTRL",61754,2131.3
"06/25/2019 19:50:00","EDT","DUNWOD",61760,972.7
"06/25/2019 19:50:00","EDT","GENESE",61753,1379.6
"06/25/2019 19:50:00","EDT","HUD VL",61758,1628.9
"06/25/2019 19:50:00","EDT","LONGIL",61762,3314.6
"06/25/2019 19:50:00","EDT","MHK VL",61756,1037.4
"06/25/2019 19:50:00","EDT","MILLWD",61759,537.6
"06/25/2019 19:50:00","EDT","N.Y.C.",61761,8321.8
"06/25/2019 19:50:00","EDT","NORTH",61755,539.2
"06/25/2019 19:50:00","EDT","WEST",61752,1927.3
"06/25/2019 19:55:00","EDT","CAPITL",61757,1788.5
"06/25/2019 19:55:00","EDT","CENTRL",61754,2077.7
"06/25/2019 19:55:00","EDT","DUNWOD",61760,967.8
"06/25/2019 19:55:00","EDT","GENESE",61753,1362.6
"06/25/2019 19:55:00","EDT","HUD VL",61758,1618.5
"06/25/2019 19:55:00","EDT","LONGIL",61762,3313
"06/25/2019 19:55:00","EDT","MHK VL",61756,1038
"06/25/2019 19:55:00","EDT","MILLWD",61759,541.1
"06/25/2019 19:55:00","EDT","N.Y.C.",61761,8305.8
"06/25/2019 19:55:00","EDT","NORTH",61755,543.3
"06/25/2019 19:55:00","EDT","WEST",61752,1940
"06/25/2019 20:00:00","EDT","CAPITL",61757,1778.5
"06/25/2019 20:00:00","EDT","CENTRL",61754,2096.5
"06/25/2019 20:00:00","EDT","DUNWOD",61760,977
"06/25/2019 20:00:00","EDT","GENESE",61753,1363.2
"06/25/2019 20:00:00","EDT","HUD VL",61758,1609.6
"06/25/2019 20:00:00","EDT","LONGIL",61762,3271.3
"06/25/2019 20:00:00","EDT","MHK VL",61756,1029.6
"06/25/2019 20:00:00","EDT","MILLWD",61759,528.9
"06/25/2019 20:00:00","EDT","N.Y.C.",61761,8306.6
"06/25/2019 20:00:00","EDT","NORTH",61755,541.1
"06/25/2019 20:00:00","EDT","WEST",61752,1901.9
"06/25/2019 20:05:00","EDT","CAPITL",61757,1758
"06/25/2019 20:05:00","EDT","CENTRL",61754,2096.7
"06/25/2019 20:05:00","EDT","DUNWOD",61760,959.3
"06/25/2019 20:05:00","EDT","GENESE",61753,1353.9
"06/25/2019 20:05:00","EDT","HUD VL",61758,1615.2
"06/25/2019 20:05:00","EDT","LONGIL",61762,3303.1
"06/25/2019 20:05:00","EDT","MHK VL",61756,1023.5
"06/25/2019 20:05:00","EDT","MILLWD",61759,534
"06/25/2019 20:05:00","EDT","N.Y.C.",61761,8301.3
"06/25/2019 20:05:00","EDT","NORTH",61755,536.3
"06/25/2019 20:05:00","EDT","WEST",61752,1899.1
"06/25/2019 20:10:00","EDT","CAPITL",61757,1745.7
"06/25/2019 20:10:00","EDT","CENTRL",61754,2087.1
"06/25/2019 20:10:00","EDT","DUNWOD",61760,958.6
"06/25/2019 20:10:00","EDT","GENESE",61753,1336.8
"06/25/2019 20:10:00","EDT","HUD VL",61758,1603.6
"06/25/2019 20:10:00","EDT","LONGIL",61762,3267.2
"06/25/2019 20:10:00","EDT","MHK VL",61756,1013.4
"06/25/2019 20:10:00","EDT","MILLWD",61759,528.1
"06/25/2019 20:10:00","EDT","N.Y.C.",61761,8203.8
"06/25/2019 20:10:00","EDT","NORTH",61755,545
"06/25/2019 20:10:00","EDT","WEST",61752,1902
"06/25/2019 20:15:00","EDT","CAPITL",61757,1732.5
"06/25/2019 20:15:00","EDT","CENTRL",61754,2048.5
"06/25/2019 20:15:00","EDT","DUNWOD",61760,959.4
"06/25/2019 20:15:00","EDT","GENESE",61753,1334.7
"06/25/2019 20:15:00","EDT","HUD VL",61758,1594.4
"06/25/2019 20:15:00","EDT","LONGIL",61762,3254.4
"06/25/2019 20:15:00","EDT","MHK VL",61756,1020.3
"06/25/2019 20:15:00","EDT","MILLWD",61759,521.2
"06/25/2019 20:15:00","EDT","N.Y.C.",61761,8213
"06/25/2019 20:15:00","EDT","NORTH",61755,545.2
"06/25/2019 20:15:00","EDT","WEST",61752,1889.9
"06/25/2019 20:20:00","EDT","CAPITL",61757,1738.2
"06/25/2019 20:20:00","EDT","CENTRL",61754,2072.1
"06/25/2019 20:20:00","EDT","DUNWOD",61760,946.4
"06/25/2019 20:20:00","EDT","GENESE",61753,1334.2
"06/25/2019 20:20:00","EDT","HUD VL",61758,1612.1
"06/25/2019 20:20:00","EDT","LONGIL",61762,3243.2
"06/25/2019 20:20:00","EDT","MHK VL",61756,1016.5
"06/25/2019 20:20:00","EDT","MILLWD",61759,529.4
"06/25/2019 20:20:00","EDT","N.Y.C.",61761,8184.3
"06/25/2019 20:20:00","EDT","NORTH",61755,539.7
"06/25/2019 20:20:00","EDT","WEST",61752,1893.4
"06/25/2019 20:25:00","EDT","CAPITL",61757,1734.4
"06/25/2019 20:25:00","EDT","CENTRL",61754,2059.2
"06/25/2019 20:25:00","EDT","DUNWOD",61760,959.4
"06/25/2019 20:25:00","EDT","GENESE",61753,1335.2
"06/25/2019 20:25:00","EDT","HUD VL",61758,1598
"06/25/2019 20:25:00","EDT","LONGIL",61762,3247.9
"06/25/2019 20:25:00","EDT","MHK VL",61756,1017.5
"06/25/2019 20:25:00","EDT","MILLWD",61759,523.2
"06/25/2019 20:25:00","EDT","N.Y.C.",61761,8136.9
"06/25/2019 20:25:00","EDT","NORTH",61755,507.8
"06/25/2019 20:25:00","EDT","WEST",61752,1872.5
"06/25/2019 20:30:00","EDT","CAPITL",61757,1721.3
"06/25/2019 20:30:00","EDT","CENTRL",61754,2069.1
"06/25/2019 20:30:00","EDT","DUNWOD",61760,944.7
"06/25/2019 20:30:00","EDT","GENESE",61753,1322.5
"06/25/2019 20:30:00","EDT","HUD VL",61758,1586.9
"06/25/2019 20:30:00","EDT","LONGIL",61762,3252.7
"06/25/2019 20:30:00","EDT","MHK VL",61756,1023.7
"06/25/2019 20:30:00","EDT","MILLWD",61759,526.8
"06/25/2019 20:30:00","EDT","N.Y.C.",61761,8150.7
"06/25/2019 20:30:00","EDT","NORTH",61755,509.1
"06/25/2019 20:30:00","EDT","WEST",61752,1864.4
"06/25/2019 20:35:00","EDT","CAPITL",61757,1716.4
"06/25/2019 20:35:00","EDT","CENTRL",61754,2062.7
"06/25/2019 20:35:00","EDT","DUNWOD",61760,956.3
"06/25/2019 20:35:00","EDT","GENESE",61753,1314.1
"06/25/2019 20:35:00","EDT","HUD VL",61758,1567.9
"06/25/2019 20:35:00","EDT","LONGIL",61762,3236.9
"06/25/2019 20:35:00","EDT","MHK VL",61756,1018.3
"06/25/2019 20:35:00","EDT","MILLWD",61759,520
"06/25/2019 20:35:00","EDT","N.Y.C.",61761,8180.1
"06/25/2019 20:35:00","EDT","NORTH",61755,499.2
"06/25/2019 20:35:00","EDT","WEST",61752,1881.2
"06/25/2019 20:40:00","EDT","CAPITL",61757,1717.3
"06/25/2019 20:40:00","EDT","CENTRL",61754,2056.6
"06/25/2019 20:40:00","EDT","DUNWOD",61760,955.9
"06/25/2019 20:40:00","EDT","GENESE",61753,1310.5
"06/25/2019 20:40:00","EDT","HUD VL",61758,1585.1
"06/25/2019 20:40:00","EDT","LONGIL",61762,3241.8
"06/25/2019 20:40:00","EDT","MHK VL",61756,1015.1
"06/25/2019 20:40:00","EDT","MILLWD",61759,527.4
"06/25/2019 20:40:00","EDT","N.Y.C.",61761,8168.6
"06/25/2019 20:40:00","EDT","NORTH",61755,512.2
"06/25/2019 20:40:00","EDT","WEST",61752,1868.3
"06/25/2019 20:45:00","EDT","CAPITL",61757,1720.8
"06/25/2019 20:45:00","EDT","CENTRL",61754,2009
"06/25/2019 20:45:00","EDT","DUNWOD",61760,952.7
"06/25/2019 20:45:00","EDT","GENESE",61753,1308.2
"06/25/2019 20:45:00","EDT","HUD VL",61758,1573.8
"06/25/2019 20:45:00","EDT","LONGIL",61762,3226.5
"06/25/2019 20:45:00","EDT","MHK VL",61756,1020.7
"06/25/2019 20:45:00","EDT","MILLWD",61759,503.6
"06/25/2019 20:45:00","EDT","N.Y.C.",61761,8137.1
"06/25/2019 20:45:00","EDT","NORTH",61755,514.6
"06/25/2019 20:45:00","EDT","WEST",61752,1873.8
"06/25/2019 20:50:00","EDT","CAPITL",61757,1708.4
"06/25/2019 20:50:00","EDT","CENTRL",61754,2038.2
"06/25/2019 20:50:00","EDT","DUNWOD",61760,947.4
"06/25/2019 20:50:00","EDT","GENESE",61753,1313.5
"06/25/2019 20:50:00","EDT","HUD VL",61758,1582.9
"06/25/2019 20:50:00","EDT","LONGIL",61762,3232.5
"06/25/2019 20:50:00","EDT","MHK VL",61756,1016.4
"06/25/2019 20:50:00","EDT","MILLWD",61759,510.4
"06/25/2019 20:50:00","EDT","N.Y.C.",61761,8118.7
"06/25/2019 20:50:00","EDT","NORTH",61755,516.2
"06/25/2019 20:50:00","EDT","WEST",61752,1875.4
"06/25/2019 20:55:00","EDT","CAPITL",61757,1709.8
"06/25/2019 20:55:00","EDT","CENTRL",61754,2035.4
"06/25/2019 20:55:00","EDT","DUNWOD",61760,938.9
"06/25/2019 20:55:00","EDT","GENESE",61753,1310.4
"06/25/2019 20:55:00","EDT","HUD VL",61758,1581.5
"06/25/2019 20:55:00","EDT","LONGIL",61762,3247.2
"06/25/2019 20:55:00","EDT","MHK VL",61756,1030.3
"06/25/2019 20:55:00","EDT","MILLWD",61759,521.6
"06/25/2019 20:55:00","EDT","N.Y.C.",61761,8132
"06/25/2019 20:55:00","EDT","NORTH",61755,530.4
"06/25/2019 20:55:00","EDT","WEST",61752,1914.1
"06/25/2019 21:00:00","EDT","CAPITL",61757,1696.2
"06/25/2019 21:00:00","EDT","CENTRL",61754,2046.7
"06/25/2019 21:00:00","EDT","DUNWOD",61760,961.5
"06/25/2019 21:00:00","EDT","GENESE",61753,1301.7
"06/25/2019 21:00:00","EDT","HUD VL",61758,1568.1
"06/25/2019 21:00:00","EDT","LONGIL",61762,3250.3
"06/25/2019 21:00:00","EDT","MHK VL",61756,1019.9
"06/25/2019 21:00:00","EDT","MILLWD",61759,517.9
"06/25/2019 21:00:00","EDT","N.Y.C.",61761,8147.4
"06/25/2019 21:00:00","EDT","NORTH",61755,519.6
"06/25/2019 21:00:00","EDT","WEST",61752,1905.1
"06/25/2019 21:05:00","EDT","CAPITL",61757,1700.2
"06/25/2019 21:05:00","EDT","CENTRL",61754,1993.5
"06/25/2019 21:05:00","EDT","DUNWOD",61760,938.5
"06/25/2019 21:05:00","EDT","GENESE",61753,1310.3
"06/25/2019 21:05:00","EDT","HUD VL",61758,1569.5
"06/25/2019 21:05:00","EDT","LONGIL",61762,3223.3
"06/25/2019 21:05:00","EDT","MHK VL",61756,1019.6
"06/25/2019 21:05:00","EDT","MILLWD",61759,520.7
"06/25/2019 21:05:00","EDT","N.Y.C.",61761,8110.3
"06/25/2019 21:05:00","EDT","NORTH",61755,513.8
"06/25/2019 21:05:00","EDT","WEST",61752,1896.5
"06/25/2019 21:10:00","EDT","CAPITL",61757,1691.5
"06/25/2019 21:10:00","EDT","CENTRL",61754,2035.9
"06/25/2019 21:10:00","EDT","DUNWOD",61760,939.2
"06/25/2019 21:10:00","EDT","GENESE",61753,1301.7
"06/25/2019 21:10:00","EDT","HUD VL",61758,1572.5
"06/25/2019 21:10:00","EDT","LONGIL",61762,3209.9
"06/25/2019 21:10:00","EDT","MHK VL",61756,1011.6
"06/25/2019 21:10:00","EDT","MILLWD",61759,510.1
"06/25/2019 21:10:00","EDT","N.Y.C.",61761,8077.8
"06/25/2019 21:10:00","EDT","NORTH",61755,542.1
"06/25/2019 21:10:00","EDT","WEST",61752,1911.7
"06/25/2019 21:15:00","EDT","CAPITL",61757,1672.3
"06/25/2019 21:15:00","EDT","CENTRL",61754,2034
"06/25/2019 21:15:00","EDT","DUNWOD",61760,941.9
"06/25/2019 21:15:00","EDT","GENESE",61753,1307
"06/25/2019 21:15:00","EDT","HUD VL",61758,1561
"06/25/2019 21:15:00","EDT","LONGIL",61762,3212.7
"06/25/2019 21:15:00","EDT","MHK VL",61756,1016.1
"06/25/2019 21:15:00","EDT","MILLWD",61759,521.4
"06/25/2019 21:15:00","EDT","N.Y.C.",61761,8071.6
"06/25/2019 21:15:00","EDT","NORTH",61755,541.6
"06/25/2019 21:15:00","EDT","WEST",61752,1899.3
"06/25/2019 21:20:00","EDT","CAPITL",61757,1696
"06/25/2019 21:20:00","EDT","CENTRL",61754,2038.4
"06/25/2019 21:20:00","EDT","DUNWOD",61760,947.5
"06/25/2019 21:20:00","EDT","GENESE",61753,1307.7
"06/25/2019 21:20:00","EDT","HUD VL",61758,1556.2
"06/25/2019 21:20:00","EDT","LONGIL",61762,3188.7
"06/25/2019 21:20:00","EDT","MHK VL",61756,1001.6
"06/25/2019 21:20:00","EDT","MILLWD",61759,507.8
"06/25/2019 21:20:00","EDT","N.Y.C.",61761,8063.7
"06/25/2019 21:20:00","EDT","NORTH",61755,543.8
"06/25/2019 21:20:00","EDT","WEST",61752,1889.1
"06/25/2019 21:25:00","EDT","CAPITL",61757,1679.8
"06/25/2019 21:25:00","EDT","CENTRL",61754,2039.4
"06/25/2019 21:25:00","EDT","DUNWOD",61760,936.1
"06/25/2019 21:25:00","EDT","GENESE",61753,1304.6
"06/25/2019 21:25:00","EDT","HUD VL",61758,1552.2
"06/25/2019 21:25:00","EDT","LONGIL",61762,3186.6
"06/25/2019 21:25:00","EDT","MHK VL",61756,1006.6
"06/25/2019 21:25:00","EDT","MILLWD",61759,492
"06/25/2019 21:25:00","EDT","N.Y.C.",61761,8043.7
"06/25/2019 21:25:00","EDT","NORTH",61755,537.7
"06/25/2019 21:25:00","EDT","WEST",61752,1909.5
"06/25/2019 21:30:00","EDT","CAPITL",61757,1668.8
"06/25/2019 21:30:00","EDT","CENTRL",61754,1986.1
"06/25/2019 21:30:00","EDT","DUNWOD",61760,943.1
"06/25/2019 21:30:00","EDT","GENESE",61753,1307.4
"06/25/2019 21:30:00","EDT","HUD VL",61758,1557.6
"06/25/2019 21:30:00","EDT","LONGIL",61762,3141.3
"06/25/2019 21:30:00","EDT","MHK VL",61756,1007.4
"06/25/2019 21:30:00","EDT","MILLWD",61759,494.1
"06/25/2019 21:30:00","EDT","N.Y.C.",61761,8003.9
"06/25/2019 21:30:00","EDT","NORTH",61755,544.6
"06/25/2019 21:30:00","EDT","WEST",61752,1912.8
"06/25/2019 21:35:00","EDT","CAPITL",61757,1654.6
"06/25/2019 21:35:00","EDT","CENTRL",61754,1993.2
"06/25/2019 21:35:00","EDT","DUNWOD",61760,932.1
"06/25/2019 21:35:00","EDT","GENESE",61753,1297.8
"06/25/2019 21:35:00","EDT","HUD VL",61758,1552.4
"06/25/2019 21:35:00","EDT","LONGIL",61762,3129
"06/25/2019 21:35:00","EDT","MHK VL",61756,1003.2
"06/25/2019 21:35:00","EDT","MILLWD",61759,491.1
"06/25/2019 21:35:00","EDT","N.Y.C.",61761,7986.8
"06/25/2019 21:35:00","EDT","NORTH",61755,528.5
"06/25/2019 21:35:00","EDT","WEST",61752,1897.1
"06/25/2019 21:40:00","EDT","CAPITL",61757,1660
"06/25/2019 21:40:00","EDT","CENTRL",61754,1969.2
"06/25/2019 21:40:00","EDT","DUNWOD",61760,919.7
"06/25/2019 21:40:00","EDT","GENESE",61753,1287.1
"06/25/2019 21:40:00","EDT","HUD VL",61758,1523.2
"06/25/2019 21:40:00","EDT","LONGIL",61762,3130.6
"06/25/2019 21:40:00","EDT","MHK VL",61756,997.6
"06/25/2019 21:40:00","EDT","MILLWD",61759,494.9
"06/25/2019 21:40:00","EDT","N.Y.C.",61761,7979.4
"06/25/2019 21:40:00","EDT","NORTH",61755,531.4
"06/25/2019 21:40:00","EDT","WEST",61752,1926.2
"06/25/2019 21:45:00","EDT","CAPITL",61757,1652.6
"06/25/2019 21:45:00","EDT","CENTRL",61754,1957.2
"06/25/2019 21:45:00","EDT","DUNWOD",61760,920.2
"06/25/2019 21:45:00","EDT","GENESE",61753,1287.7
"06/25/2019 21:45:00","EDT","HUD VL",61758,1494.1
"06/25/2019 21:45:00","EDT","LONGIL",61762,3104.9
"06/25/2019 21:45:00","EDT","MHK VL",61756,993.2
"06/25/2019 21:45:00","EDT","MILLWD",61759,497
"06/25/2019 21:45:00","EDT","N.Y.C.",61761,7957.8
"06/25/2019 21:45:00","EDT","NORTH",61755,531.3
"06/25/2019 21:45:00","EDT","WEST",61752,1909.1
"06/25/2019 21:50:00","EDT","CAPITL",61757,1629.6
"06/25/2019 21:50:00","EDT","CENTRL",61754,1974
"06/25/2019 21:50:00","EDT","DUNWOD",61760,920.6
"06/25/2019 21:50:00","EDT","GENESE",61753,1276.7
"06/25/2019 21:50:00","EDT","HUD VL",61758,1496.5
"06/25/2019 21:50:00","EDT","LONGIL",61762,3093.8
"06/25/2019 21:50:00","EDT","MHK VL",61756,988.4
"06/25/2019 21:50:00","EDT","MILLWD",61759,472.3
"06/25/2019 21:50:00","EDT","N.Y.C.",61761,7932.4
"06/25/2019 21:50:00","EDT","NORTH",61755,530.1
"06/25/2019 21:50:00","EDT","WEST",61752,1908.5
"06/25/2019 21:55:00","EDT","CAPITL",61757,1609
"06/25/2019 21:55:00","EDT","CENTRL",61754,1971.6
"06/25/2019 21:55:00","EDT","DUNWOD",61760,911.8
"06/25/2019 21:55:00","EDT","GENESE",61753,1269.5
"06/25/2019 21:55:00","EDT","HUD VL",61758,1487.2
"06/25/2019 21:55:00","EDT","LONGIL",61762,3068.8
"06/25/2019 21:55:00","EDT","MHK VL",61756,979.8
"06/25/2019 21:55:00","EDT","MILLWD",61759,473
"06/25/2019 21:55:00","EDT","N.Y.C.",61761,7899.9
"06/25/2019 21:55:00","EDT","NORTH",61755,538.9
"06/25/2019 21:55:00","EDT","WEST",61752,1900.7
"06/25/2019 22:00:00","EDT","CAPITL",61757,1599.9
"06/25/2019 22:00:00","EDT","CENTRL",61754,1911.1
"06/25/2019 22:00:00","EDT","DUNWOD",61760,909.3
"06/25/2019 22:00:00","EDT","GENESE",61753,1265
"06/25/2019 22:00:00","EDT","HUD VL",61758,1474.5
"06/25/2019 22:00:00","EDT","LONGIL",61762,3050.6
"06/25/2019 22:00:00","EDT","MHK VL",61756,982.3
"06/25/2019 22:00:00","EDT","MILLWD",61759,475.7
"06/25/2019 22:00:00","EDT","N.Y.C.",61761,7876.6
"06/25/2019 22:00:00","EDT","NORTH",61755,529.4
"06/25/2019 22:00:00","EDT","WEST",61752,1873.4
"06/25/2019 22:05:00","EDT","CAPITL",61757,1602.3
"06/25/2019 22:05:00","EDT","CENTRL",61754,1938.5
"06/25/2019 22:05:00","EDT","DUNWOD",61760,892.7
"06/25/2019 22:05:00","EDT","GENESE",61753,1255.5
"06/25/2019 22:05:00","EDT","HUD VL",61758,1442.5
"06/25/2019 22:05:00","EDT","LONGIL",61762,3020.3
"06/25/2019 22:05:00","EDT","MHK VL",61756,965.3
"06/25/2019 22:05:00","EDT","MILLWD",61759,477.9
"06/25/2019 22:05:00","EDT","N.Y.C.",61761,7813.9
"06/25/2019 22:05:00","EDT","NORTH",61755,536.5
"06/25/2019 22:05:00","EDT","WEST",61752,1888.7
"06/25/2019 22:10:00","EDT","CAPITL",61757,1572
"06/25/2019 22:10:00","EDT","CENTRL",61754,1929.9
"06/25/2019 22:10:00","EDT","DUNWOD",61760,902.6
"06/25/2019 22:10:00","EDT","GENESE",61753,1241.9
"06/25/2019 22:10:00","EDT","HUD VL",61758,1433.6
"06/25/2019 22:10:00","EDT","LONGIL",61762,2988.7
"06/25/2019 22:10:00","EDT","MHK VL",61756,954.2
"06/25/2019 22:10:00","EDT","MILLWD",61759,472.6
"06/25/2019 22:10:00","EDT","N.Y.C.",61761,7750.5
"06/25/2019 22:10:00","EDT","NORTH",61755,499.7
"06/25/2019 22:10:00","EDT","WEST",61752,1874.2
"06/25/2019 22:15:00","EDT","CAPITL",61757,1561.7
"06/25/2019 22:15:00","EDT","CENTRL",61754,1928.7
"06/25/2019 22:15:00","EDT","DUNWOD",61760,886.6
"06/25/2019 22:15:00","EDT","GENESE",61753,1234.5
"06/25/2019 22:15:00","EDT","HUD VL",61758,1442.5
"06/25/2019 22:15:00","EDT","LONGIL",61762,2970.8
"06/25/2019 22:15:00","EDT","MHK VL",61756,956.3
"06/25/2019 22:15:00","EDT","MILLWD",61759,458.7
"06/25/2019 22:15:00","EDT","N.Y.C.",61761,7735.5
"06/25/2019 22:15:00","EDT","NORTH",61755,486.8
"06/25/2019 22:15:00","EDT","WEST",61752,1858.1
"06/25/2019 22:18:07","EDT","CAPITL",61757,1550.7
"06/25/2019 22:18:07","EDT","CENTRL",61754,1917.2
"06/25/2019 22:18:07","EDT","DUNWOD",61760,872.2
"06/25/2019 22:18:07","EDT","GENESE",61753,1223.9
"06/25/2019 22:18:07","EDT","HUD VL",61758,1417.3
"06/25/2019 22:18:07","EDT","LONGIL",61762,2938.3
"06/25/2019 22:18:07","EDT","MHK VL",61756,958.2
"06/25/2019 22:18:07","EDT","MILLWD",61759,453.4
"06/25/2019 22:18:07","EDT","N.Y.C.",61761,7707.6
"06/25/2019 22:18:07","EDT","NORTH",61755,491.1
"06/25/2019 22:18:07","EDT","WEST",61752,1867.9
"06/25/2019 22:20:00","EDT","CAPITL",61757,1549.4
"06/25/2019 22:20:00","EDT","CENTRL",61754,1906.3
"06/25/2019 22:20:00","EDT","DUNWOD",61760,881.1
"06/25/2019 22:20:00","EDT","GENESE",61753,1214.5
"06/25/2019 22:20:00","EDT","HUD VL",61758,1409.8
"06/25/2019 22:20:00","EDT","LONGIL",61762,2945.8
"06/25/2019 22:20:00","EDT","MHK VL",61756,949.4
"06/25/2019 22:20:00","EDT","MILLWD",61759,451.8
"06/25/2019 22:20:00","EDT","N.Y.C.",61761,7688.1
"06/25/2019 22:20:00","EDT","NORTH",61755,488.4
"06/25/2019 22:20:00","EDT","WEST",61752,1863.9
"06/25/2019 22:21:07","EDT","CAPITL",61757,1540.1
"06/25/2019 22:21:07","EDT","CENTRL",61754,1851.1
"06/25/2019 22:21:07","EDT","DUNWOD",61760,887.2
"06/25/2019 22:21:07","EDT","GENESE",61753,1220.5
"06/25/2019 22:21:07","EDT","HUD VL",61758,1412.6
"06/25/2019 22:21:07","EDT","LONGIL",61762,2934.7
"06/25/2019 22:21:07","EDT","MHK VL",61756,939.8
"06/25/2019 22:21:07","EDT","MILLWD",61759,452.4
"06/25/2019 22:21:07","EDT","N.Y.C.",61761,7678.3
"06/25/2019 22:21:07","EDT","NORTH",61755,487
"06/25/2019 22:21:07","EDT","WEST",61752,1856
"06/25/2019 22:25:00","EDT","CAPITL",61757,1545.4
"06/25/2019 22:25:00","EDT","CENTRL",61754,1848.6
"06/25/2019 22:25:00","EDT","DUNWOD",61760,873.5
"06/25/2019 22:25:00","EDT","GENESE",61753,1228.2
"06/25/2019 22:25:00","EDT","HUD VL",61758,1409
"06/25/2019 22:25:00","EDT","LONGIL",61762,2920.9
"06/25/2019 22:25:00","EDT","MHK VL",61756,947.7
"06/25/2019 22:25:00","EDT","MILLWD",61759,461.3
"06/25/2019 22:25:00","EDT","N.Y.C.",61761,7639.9
"06/25/2019 22:25:00","EDT","NORTH",61755,488
"06/25/2019 22:25:00","EDT","WEST",61752,1844.7
"06/25/2019 22:30:00","EDT","CAPITL",61757,1529.8
"06/25/2019 22:30:00","EDT","CENTRL",61754,1871.4
"06/25/2019 22:30:00","EDT","DUNWOD",61760,849.1
"06/25/2019 22:30:00","EDT","GENESE",61753,1205.7
"06/25/2019 22:30:00","EDT","HUD VL",61758,1396.3
"06/25/2019 22:30:00","EDT","LONGIL",61762,2930.2
"06/25/2019 22:30:00","EDT","MHK VL",61756,939.3
"06/25/2019 22:30:00","EDT","MILLWD",61759,457.8
"06/25/2019 22:30:00","EDT","N.Y.C.",61761,7672.8
"06/25/2019 22:30:00","EDT","NORTH",61755,483.2
"06/25/2019 22:30:00","EDT","WEST",61752,1832.7
"06/25/2019 22:35:00","EDT","CAPITL",61757,1523.8
"06/25/2019 22:35:00","EDT","CENTRL",61754,1843.4
"06/25/2019 22:35:00","EDT","DUNWOD",61760,856.1
"06/25/2019 22:35:00","EDT","GENESE",61753,1199.2
"06/25/2019 22:35:00","EDT","HUD VL",61758,1371
"06/25/2019 22:35:00","EDT","LONGIL",61762,2900.6
"06/25/2019 22:35:00","EDT","MHK VL",61756,923.1
"06/25/2019 22:35:00","EDT","MILLWD",61759,444.3
"06/25/2019 22:35:00","EDT","N.Y.C.",61761,7597.2
"06/25/2019 22:35:00","EDT","NORTH",61755,499.9
"06/25/2019 22:35:00","EDT","WEST",61752,1827.3
"06/25/2019 22:40:00","EDT","CAPITL",61757,1500.6
"06/25/2019 22:40:00","EDT","CENTRL",61754,1844.8
"06/25/2019 22:40:00","EDT","DUNWOD",61760,839.3
"06/25/2019 22:40:00","EDT","GENESE",61753,1194.2
"06/25/2019 22:40:00","EDT","HUD VL",61758,1378.1
"06/25/2019 22:40:00","EDT","LONGIL",61762,2857.4
"06/25/2019 22:40:00","EDT","MHK VL",61756,913
"06/25/2019 22:40:00","EDT","MILLWD",61759,443.2
"06/25/2019 22:40:00","EDT","N.Y.C.",61761,7582.7
"06/25/2019 22:40:00","EDT","NORTH",61755,486.6
"06/25/2019 22:40:00","EDT","WEST",61752,1812.9
"06/25/2019 22:45:00","EDT","CAPITL",61757,1488.9
"06/25/2019 22:45:00","EDT","CENTRL",61754,1838.1
"06/25/2019 22:45:00","EDT","DUNWOD",61760,848.1
"06/25/2019 22:45:00","EDT","GENESE",61753,1175.3
"06/25/2019 22:45:00","EDT","HUD VL",61758,1352.4
"06/25/2019 22:45:00","EDT","LONGIL",61762,2853.1
"06/25/2019 22:45:00","EDT","MHK VL",61756,913.1
"06/25/2019 22:45:00","EDT","MILLWD",61759,439.7
"06/25/2019 22:45:00","EDT","N.Y.C.",61761,7547
"06/25/2019 22:45:00","EDT","NORTH",61755,476.1
"06/25/2019 22:45:00","EDT","WEST",61752,1809.5
"06/25/2019 22:50:00","EDT","CAPITL",61757,1457.4
"06/25/2019 22:50:00","EDT","CENTRL",61754,1808.6
"06/25/2019 22:50:00","EDT","DUNWOD",61760,847.3
"06/25/2019 22:50:00","EDT","GENESE",61753,1172.5
"06/25/2019 22:50:00","EDT","HUD VL",61758,1343.3
"06/25/2019 22:50:00","EDT","LONGIL",61762,2820.7
"06/25/2019 22:50:00","EDT","MHK VL",61756,894.5
"06/25/2019 22:50:00","EDT","MILLWD",61759,440.7
"06/25/2019 22:50:00","EDT","N.Y.C.",61761,7449
"06/25/2019 22:50:00","EDT","NORTH",61755,504.4
"06/25/2019 22:50:00","EDT","WEST",61752,1783.8
"06/25/2019 22:55:00","EDT","CAPITL",61757,1444.2
"06/25/2019 22:55:00","EDT","CENTRL",61754,1788.5
"06/25/2019 22:55:00","EDT","DUNWOD",61760,822.5
"06/25/2019 22:55:00","EDT","GENESE",61753,1157.1
"06/25/2019 22:55:00","EDT","HUD VL",61758,1333.6
"06/25/2019 22:55:00","EDT","LONGIL",61762,2801.6
"06/25/2019 22:55:00","EDT","MHK VL",61756,878.7
"06/25/2019 22:55:00","EDT","MILLWD",61759,435.7
"06/25/2019 22:55:00","EDT","N.Y.C.",61761,7430.6
"06/25/2019 22:55:00","EDT","NORTH",61755,509.8
"06/25/2019 22:55:00","EDT","WEST",61752,1787.6
"06/25/2019 23:00:00","EDT","CAPITL",61757,1442.5
"06/25/2019 23:00:00","EDT","CENTRL",61754,1779
"06/25/2019 23:00:00","EDT","DUNWOD",61760,826
"06/25/2019 23:00:00","EDT","GENESE",61753,1146
"06/25/2019 23:00:00","EDT","HUD VL",61758,1318.8
"06/25/2019 23:00:00","EDT","LONGIL",61762,2769.6
"06/25/2019 23:00:00","EDT","MHK VL",61756,862.7
"06/25/2019 23:00:00","EDT","MILLWD",61759,433.7
"06/25/2019 23:00:00","EDT","N.Y.C.",61761,7414.8
"06/25/2019 23:00:00","EDT","NORTH",61755,515.9
"06/25/2019 23:00:00","EDT","WEST",61752,1763.4
"06/25/2019 23:05:00","EDT","CAPITL",61757,1420.7
"06/25/2019 23:05:00","EDT","CENTRL",61754,1766.8
"06/25/2019 23:05:00","EDT","DUNWOD",61760,816.2
"06/25/2019 23:05:00","EDT","GENESE",61753,1140.7
"06/25/2019 23:05:00","EDT","HUD VL",61758,1318.3
"06/25/2019 23:05:00","EDT","LONGIL",61762,2730.1
"06/25/2019 23:05:00","EDT","MHK VL",61756,852.7
"06/25/2019 23:05:00","EDT","MILLWD",61759,423.6
"06/25/2019 23:05:00","EDT","N.Y.C.",61761,7363.9
"06/25/2019 23:05:00","EDT","NORTH",61755,504.5
"06/25/2019 23:05:00","EDT","WEST",61752,1740.7
"06/25/2019 23:10:00","EDT","CAPITL",61757,1414.6
"06/25/2019 23:10:00","EDT","CENTRL",61754,1742.9
"06/25/2019 23:10:00","EDT","DUNWOD",61760,833
"06/25/2019 23:10:00","EDT","GENESE",61753,1144.9
"06/25/2019 23:10:00","EDT","HUD VL",61758,1301.1
"06/25/2019 23:10:00","EDT","LONGIL",61762,2719
"06/25/2019 23:10:00","EDT","MHK VL",61756,837.8
"06/25/2019 23:10:00","EDT","MILLWD",61759,391.4
"06/25/2019 23:10:00","EDT","N.Y.C.",61761,7292.6
"06/25/2019 23:10:00","EDT","NORTH",61755,511.9
"06/25/2019 23:10:00","EDT","WEST",61752,1705.3
"06/25/2019 23:15:00","EDT","CAPITL",61757,1395.2
"06/25/2019 23:15:00","EDT","CENTRL",61754,1676.7
"06/25/2019 23:15:00","EDT","DUNWOD",61760,822.2
"06/25/2019 23:15:00","EDT","GENESE",61753,1118.9
"06/25/2019 23:15:00","EDT","HUD VL",61758,1297.8
"06/25/2019 23:15:00","EDT","LONGIL",61762,2681.4
"06/25/2019 23:15:00","EDT","MHK VL",61756,839
"06/25/2019 23:15:00","EDT","MILLWD",61759,386.4
"06/25/2019 23:15:00","EDT","N.Y.C.",61761,7256.9
"06/25/2019 23:15:00","EDT","NORTH",61755,480.5
"06/25/2019 23:15:00","EDT","WEST",61752,1733.9
"06/25/2019 23:20:00","EDT","CAPITL",61757,1393.1
"06/25/2019 23:20:00","EDT","CENTRL",61754,1695.5
"06/25/2019 23:20:00","EDT","DUNWOD",61760,808.8
"06/25/2019 23:20:00","EDT","GENESE",61753,1108.1
"06/25/2019 23:20:00","EDT","HUD VL",61758,1281.7
"06/25/2019 23:20:00","EDT","LONGIL",61762,2662
"06/25/2019 23:20:00","EDT","MHK VL",61756,822.2
"06/25/2019 23:20:00","EDT","MILLWD",61759,376.8
"06/25/2019 23:20:00","EDT","N.Y.C.",61761,7202.2
"06/25/2019 23:20:00","EDT","NORTH",61755,489.8
"06/25/2019 23:20:00","EDT","WEST",61752,1697.3
"06/25/2019 23:25:00","EDT","CAPITL",61757,1375.7
"06/25/2019 23:25:00","EDT","CENTRL",61754,1686.8
"06/25/2019 23:25:00","EDT","DUNWOD",61760,820
"06/25/2019 23:25:00","EDT","GENESE",61753,1102.7
"06/25/2019 23:25:00","EDT","HUD VL",61758,1272
"06/25/2019 23:25:00","EDT","LONGIL",61762,2627.2
"06/25/2019 23:25:00","EDT","MHK VL",61756,813.8
"06/25/2019 23:25:00","EDT","MILLWD",61759,364.7
"06/25/2019 23:25:00","EDT","N.Y.C.",61761,7144.5
"06/25/2019 23:25:00","EDT","NORTH",61755,483.4
"06/25/2019 23:25:00","EDT","WEST",61752,1671.6
"06/25/2019 23:30:00","EDT","CAPITL",61757,1366.3
"06/25/2019 23:30:00","EDT","CENTRL",61754,1674.7
"06/25/2019 23:30:00","EDT","DUNWOD",61760,798.2
"06/25/2019 23:30:00","EDT","GENESE",61753,1094.7
"06/25/2019 23:30:00","EDT","HUD VL",61758,1249.3
"06/25/2019 23:30:00","EDT","LONGIL",61762,2614.5
"06/25/2019 23:30:00","EDT","MHK VL",61756,825.5
"06/25/2019 23:30:00","EDT","MILLWD",61759,365.1
"06/25/2019 23:30:00","EDT","N.Y.C.",61761,7083.3
"06/25/2019 23:30:00","EDT","NORTH",61755,474.3
"06/25/2019 23:30:00","EDT","WEST",61752,1685.1
"06/25/2019 23:35:00","EDT","CAPITL",61757,1358.3
"06/25/2019 23:35:00","EDT","CENTRL",61754,1672.7
"06/25/2019 23:35:00","EDT","DUNWOD",61760,793.6
"06/25/2019 23:35:00","EDT","GENESE",61753,1091
"06/25/2019 23:35:00","EDT","HUD VL",61758,1252
"06/25/2019 23:35:00","EDT","LONGIL",61762,2588.9
"06/25/2019 23:35:00","EDT","MHK VL",61756,818.9
"06/25/2019 23:35:00","EDT","MILLWD",61759,365.6
"06/25/2019 23:35:00","EDT","N.Y.C.",61761,7035.2
"06/25/2019 23:35:00","EDT","NORTH",61755,464.5
"06/25/2019 23:35:00","EDT","WEST",61752,1671.7
"06/25/2019 23:40:00","EDT","CAPITL",61757,1346.4
"06/25/2019 23:40:00","EDT","CENTRL",61754,1660.5
"06/25/2019 23:40:00","EDT","DUNWOD",61760,788.6
"06/25/2019 23:40:00","EDT","GENESE",61753,1084.4
"06/25/2019 23:40:00","EDT","HUD VL",61758,1239
"06/25/2019 23:40:00","EDT","LONGIL",61762,2580.9
"06/25/2019 23:40:00","EDT","MHK VL",61756,799
"06/25/2019 23:40:00","EDT","MILLWD",61759,354.1
"06/25/2019 23:40:00","EDT","N.Y.C.",61761,6989.9
"06/25/2019 23:40:00","EDT","NORTH",61755,464.9
"06/25/2019 23:40:00","EDT","WEST",61752,1660.8
"06/25/2019 23:45:00","EDT","CAPITL",61757,1330.2
"06/25/2019 23:45:00","EDT","CENTRL",61754,1639.9
"06/25/2019 23:45:00","EDT","DUNWOD",61760,782.4
"06/25/2019 23:45:00","EDT","GENESE",61753,1074
"06/25/2019 23:45:00","EDT","HUD VL",61758,1228.6
"06/25/2019 23:45:00","EDT","LONGIL",61762,2524.9
"06/25/2019 23:45:00","EDT","MHK VL",61756,800.5
"06/25/2019 23:45:00","EDT","MILLWD",61759,354.4
"06/25/2019 23:45:00","EDT","N.Y.C.",61761,6948.3
"06/25/2019 23:45:00","EDT","NORTH",61755,462.4
"06/25/2019 23:45:00","EDT","WEST",61752,1646.4
"06/25/2019 23:50:00","EDT","CAPITL",61757,1327.4
"06/25/2019 23:50:00","EDT","CENTRL",61754,1636.8
"06/25/2019 23:50:00","EDT","DUNWOD",61760,778.6
"06/25/2019 23:50:00","EDT","GENESE",61753,1073
"06/25/2019 23:50:00","EDT","HUD VL",61758,1197.3
"06/25/2019 23:50:00","EDT","LONGIL",61762,2525.1
"06/25/2019 23:50:00","EDT","MHK VL",61756,794
"06/25/2019 23:50:00","EDT","MILLWD",61759,347.1
"06/25/2019 23:50:00","EDT","N.Y.C.",61761,6944.8
"06/25/2019 23:50:00","EDT","NORTH",61755,467.9
"06/25/2019 23:50:00","EDT","WEST",61752,1640.8
"06/25/2019 23:55:00","EDT","CAPITL",61757,1324.9
"06/25/2019 23:55:00","EDT","CENTRL",61754,1634.6
"06/25/2019 23:55:00","EDT","DUNWOD",61760,770
"06/25/2019 23:55:00","EDT","GENESE",61753,1074.2
"06/25/2019 23:55:00","EDT","HUD VL",61758,1195.8
"06/25/2019 23:55:00","EDT","LONGIL",61762,2509.3
"06/25/2019 23:55:00","EDT","MHK VL",61756,781.2
"06/25/2019 23:55:00","EDT","MILLWD",61759,355.3
"06/25/2019 23:55:00","EDT","N.Y.C.",61761,6879.8
"06/25/2019 23:55:00","EDT","NORTH",61755,469.2
"06/25/2019 23:55:00","EDT","WEST",61752,1621.9
